383	0	216
564	0	254
543	2	634
330	2	229
500	0	512
133	1	309
105	0	605
519	1	147
635	2	121
17	0	216
348	1	38
558	0	619
529	0	46
174	0	426
249	2	587
304	1	485
447	2	533
253	0	254
541	2	379
22	2	44
593	2	550
138	0	512
238	0	254
508	1	380
212	1	380
509	0	254
6	0	254
518	2	331
271	0	216
332	0	254
272	1	38
531	2	93
181	0	216
443	1	38
612	2	25
124	0	216
575	0	376
133	0	142
199	0	254
212	2	407
554	1	147
531	0	254
503	0	360
436	0	360
615	1	491
368	1	309
591	1	380
174	0	605
535	1	309
249	0	605
35	0	254
167	1	112
371	0	376
100	2	604
640	2	467
311	0	512
610	1	38
428	1	112
226	1	313
141	2	634
602	2	198
118	0	605
363	0	216
60	0	426
77	0	219
172	0	254
567	1	215
192	1	485
39	0	254
242	0	426
84	0	619
384	0	254
113	1	112
201	2	571
354	0	512
225	1	309
403	1	147
241	2	337
297	0	360
110	2	19
560	1	38
581	0	426
291	0	376
520	0	216
96	2	632
231	2	395
177	0	254
134	0	426
575	2	563
260	2	59
119	1	491
48	2	116
455	0	254
113	0	219
499	2	186
377	0	254
32	2	34
30	2	439
627	1	380
543	1	491
573	0	376
330	0	605
401	0	619
642	0	605
235	1	497
60	0	605
192	2	617
615	2	356
365	0	216
566	2	429
26	1	215
342	2	633
273	2	341
357	1	215
354	2	237
594	0	512
53	1	215
591	0	605
42	0	142
98	0	512
273	0	46
471	0	512
419	0	216
243	1	112
555	2	250
361	0	512
329	0	254
83	2	513
352	0	512
6	0	512
555	0	254
256	0	5
506	1	411
432	1	309
91	0	216
32	0	512
233	0	360
204	2	397
262	0	254
401	1	309
122	0	216
643	0	360
257	0	46
573	0	219
252	0	426
291	2	74
369	0	254
642	0	46
295	1	215
244	2	413
66	2	637
79	2	11
233	2	193
310	0	254
194	0	619
452	1	215
189	2	248
496	2	387
242	0	46
414	0	512
35	1	313
103	0	605
43	2	444
172	2	633
217	0	254
10	0	254
607	0	426
167	0	254
466	1	380
307	1	112
364	1	309
403	2	183
104	0	254
77	0	254
455	2	27
256	0	46
352	2	385
167	2	524
428	0	254
43	0	216
217	2	211
504	2	469
472	2	507
514	1	309
576	0	254
293	0	254
232	0	426
496	1	38
166	0	254
456	0	254
139	1	309
449	2	234
274	0	619
377	0	512
113	0	254
287	0	512
187	0	360
641	2	275
243	2	16
222	1	215
449	1	38
33	0	426
423	1	215
103	0	46
627	2	51
423	2	483
260	0	254
22	0	46
125	0	254
548	2	611
40	0	142
227	0	254
53	2	424
620	1	215
398	0	512
327	2	625
171	1	215
466	0	219
381	1	309
490	0	254
20	0	426
252	0	46
588	2	618
66	0	619
522	0	512
452	0	426
421	0	512
218	1	313
514	0	360
272	0	426
601	2	169
249	1	313
128	2	481
209	0	254
431	2	631
173	2	410
484	0	512
573	0	254
26	0	216
96	0	605
627	0	254
498	2	416
547	0	216
475	1	215
503	1	309
436	1	309
232	2	76
194	2	542
228	2	285
228	1	380
94	0	376
447	1	309
177	0	605
33	2	202
217	0	512
451	0	619
247	1	380
535	0	619
241	0	46
271	2	460
66	0	426
369	2	359
214	2	546
441	1	491
278	2	301
347	2	389
391	0	254
150	2	622
541	1	491
607	2	437
83	1	309
268	0	512
262	0	426
278	0	216
609	0	360
308	2	396
381	2	106
348	0	254
246	1	215
90	0	254
145	2	624
566	0	254
310	0	426
72	1	112
409	0	376
586	0	254
642	1	313
166	2	55
60	1	313
39	0	46
443	0	216
579	2	50
6	1	491
442	0	254
295	0	254
317	0	216
492	0	512
42	1	112
72	0	219
621	1	215
431	1	112
579	0	512
419	2	312
529	1	215
334	1	38
272	0	46
252	0	376
103	2	205
393	2	321
558	2	355
71	1	313
316	0	426
466	0	254
336	0	216
362	2	335
140	0	254
336	2	630
600	1	491
100	1	313
480	0	512
421	1	485
466	2	325
247	0	5
195	0	5
646	0	46
291	1	380
610	0	254
204	0	512
133	0	254
259	0	619
266	2	375
636	1	380
137	1	491
329	0	46
36	2	574
94	1	38
495	2	21
636	2	85
383	1	309
259	1	380
400	1	112
597	0	5
36	1	215
643	0	426
0	0	537
222	0	254
232	0	376
114	0	254
398	1	313
609	0	254
392	1	491
540	0	619
86	1	215
166	0	605
620	0	254
405	2	353
171	0	254
257	2	267
581	2	568
474	1	491
316	2	323
256	2	638
473	0	376
138	0	254
195	0	46
433	1	112
472	0	512
209	0	426
612	1	309
260	0	605
251	0	254
348	0	512
252	0	360
227	0	605
573	0	426
566	0	512
0	1	215
384	0	376
72	0	216
591	2	488
388	0	254
449	0	426
80	0	254
68	0	254
475	0	254
419	0	537
282	0	254
422	2	45
548	1	112
253	1	38
311	0	254
463	1	380
210	2	240
579	1	485
515	1	215
141	0	254
118	1	491
476	2	589
128	1	309
42	0	254
67	1	215
246	0	216
47	1	309
140	0	512
307	0	426
392	2	318
340	1	380
227	0	46
506	0	512
390	2	446
559	2	176
78	2	1
490	0	46
479	0	605
162	2	294
583	2	62
349	1	215
479	0	5
504	0	619
80	2	319
96	1	313
621	0	216
257	1	215
509	2	647
152	1	38
78	1	112
209	1	485
484	1	380
484	2	626
97	0	512
12	0	46
189	0	46
172	0	360
151	0	254
466	0	426
226	2	92
384	0	360
289	0	219
578	1	309
231	0	512
114	1	313
620	0	512
6	2	121
177	0	360
399	0	619
480	2	7
134	1	491
98	0	254
585	2	37
41	0	254
342	0	254
402	0	254
449	0	46
399	1	380
231	1	309
352	0	254
543	0	216
349	0	219
417	0	254
641	0	254
242	2	339
36	0	216
114	2	61
122	1	309
114	0	426
148	0	254
290	0	426
188	0	254
490	2	144
328	2	270
296	0	216
75	2	435
151	2	562
372	0	254
296	2	629
364	0	254
421	0	360
40	0	254
414	0	254
84	2	438
555	0	360
80	1	313
610	0	605
258	0	605
86	0	254
133	2	487
39	2	50
552	0	512
220	0	254
451	1	112
357	0	254
244	0	595
448	1	112
264	1	380
609	0	605
500	0	605
406	2	99
157	0	254
290	0	605
26	0	537
495	1	309
277	0	619
547	0	537
177	2	536
474	0	216
559	1	313
204	1	215
405	1	112
203	0	254
262	1	147
0	0	254
588	0	426
640	1	112
528	1	215
145	0	254
68	0	426
94	0	426
308	0	219
615	0	512
281	0	426
122	2	180
614	2	170
287	0	254
273	1	38
371	1	112
473	2	298
84	0	512
412	1	491
67	2	639
201	0	5
362	1	309
475	0	107
251	0	605
502	1	491
282	0	107
258	0	46
139	0	595
126	2	283
72	2	486
290	1	485
289	0	254
141	0	107
400	0	512
554	0	254
515	0	254
232	1	491
47	2	81
207	1	38
260	1	313
67	0	254
409	0	426
197	2	322
340	0	254
405	0	426
402	0	512
384	2	427
643	1	313
516	0	254
102	1	215
17	1	380
381	0	595
642	2	468
311	0	605
334	0	254
338	1	38
432	2	525
30	0	254
349	0	254
235	0	254
119	0	512
302	0	254
214	1	309
364	2	370
39	1	215
463	0	595
307	0	376
243	0	512
148	0	512
490	0	360
40	2	69
532	1	38
484	0	254
612	0	619
454	0	254
316	1	485
251	0	46
32	1	313
288	0	254
406	0	142
494	2	458
278	0	376
336	0	537
228	0	216
295	2	584
320	2	117
354	0	605
567	0	360
504	1	309
238	1	309
361	0	426
519	2	230
90	1	309
102	2	299
588	0	46
334	2	153
35	2	121
601	0	619
287	2	190
262	2	477
551	0	619
475	0	46
94	0	46
226	0	254
493	2	425
586	1	309
448	0	216
601	1	112
282	0	46
551	1	112
20	0	619
268	0	254
48	1	491
244	0	426
172	1	380
71	2	132
4	1	313
531	0	426
236	0	512
194	1	309
640	0	216
369	1	313
145	1	112
372	0	426
165	2	305
441	2	111
40	0	426
336	0	376
308	0	254
265	0	254
342	0	605
368	2	557
607	0	142
409	0	46
17	0	5
532	0	254
220	0	426
332	0	605
641	0	605
222	0	376
233	0	216
601	0	426
82	0	512
137	2	191
602	0	216
277	2	326
384	0	426
220	2	208
303	2	616
593	1	313
161	1	380
377	2	549
578	0	619
442	0	360
17	2	184
365	1	112
0	0	426
295	0	360
528	0	216
364	0	605
558	1	215
174	1	112
555	0	619
291	0	216
41	2	430
197	0	216
274	1	309
10	1	491
97	1	112
120	0	254
436	0	512
428	2	109
150	0	619
516	1	313
0	0	107
302	0	512
204	0	254
471	0	46
585	0	254
162	0	46
241	1	38
77	1	491
174	2	501
350	1	215
119	2	314
287	0	107
152	0	216
349	2	521
403	0	512
157	0	605
310	1	380
554	0	426
399	2	108
646	2	65
10	2	14
199	0	46
8	2	572
456	1	491
261	0	512
206	1	380
371	2	123
357	2	358
610	0	360
171	2	465
271	0	46
552	1	380
518	1	313
390	0	619
472	0	254
222	0	360
126	1	112
409	2	510
347	0	254
423	0	360
102	0	254
560	2	57
369	0	426
415	0	254
448	0	512
297	1	309
330	1	313
172	0	46
540	2	182
311	1	309
586	2	315
181	2	351
479	1	112
67	0	605
495	0	619
580	0	254
265	0	512
363	2	545
350	0	219
384	0	46
645	2	420
583	1	380
406	1	380
128	0	254
138	2	200
203	0	46
0	0	28
0	0	46
167	0	426
498	0	254
173	1	497
22	1	215
328	0	512
620	2	149
256	1	112
581	0	219
383	2	445
609	2	582
490	1	112
102	0	595
218	0	216
210	0	254
428	0	426
441	0	512
575	1	309
454	0	605
388	2	345
573	2	160
225	2	570
541	0	512
66	1	38
166	1	309
274	2	221
494	0	216
506	0	254
514	2	544
79	1	112
89	0	254
68	0	360
327	0	376
120	0	512
151	1	309
451	2	136
217	0	605
457	1	313
127	2	603
103	1	112
585	0	512
417	0	376
304	2	31
79	0	219
365	0	46
509	1	215
42	0	360
174	0	254
320	0	619
526	0	619
125	0	426
244	0	376
272	2	527
607	1	380
555	0	46
97	0	254
12	0	512
457	2	333
526	1	380
636	0	512
268	2	565
423	0	254
94	2	54
419	0	46
48	0	254
352	1	309
157	2	592
118	0	254
457	0	426
567	2	276
214	0	219
273	0	254
281	2	470
535	2	159
207	0	216
391	1	380
127	1	491
126	0	216
217	0	46
347	0	512
90	2	129
282	2	2
212	0	254
257	0	254
145	0	376
540	1	309
350	0	254
105	0	512
296	1	309
342	0	360
392	0	512
71	0	216
329	2	596
498	0	512
187	1	309
338	0	254
206	0	254
391	0	426
256	0	216
564	2	511
551	2	590
591	0	254
118	2	248
222	2	15
332	2	164
581	0	254
547	0	107
258	2	453
552	0	254
514	0	512
188	0	360
508	2	179
609	1	491
500	1	491
641	1	38
79	0	216
213	1	380
140	1	380
235	2	523
372	0	360
332	1	147
20	1	112
454	2	523
578	2	25
362	0	254
192	0	512
139	2	269
86	2	613
249	0	512
310	2	58
583	0	254
522	2	324
406	0	254
492	2	404
493	0	254
177	1	313
134	0	595
207	2	56
452	0	219
103	0	254
204	0	46
210	0	426
8	0	512
393	0	107
580	2	577
209	2	530
220	1	38
213	0	426
443	0	107
236	2	373
203	0	360
400	0	254
124	2	374
412	0	512
89	0	426
646	1	112
110	0	512
295	0	605
214	0	254
195	1	215
365	2	146
336	0	426
643	2	599
368	0	619
607	0	216
329	1	112
334	0	219
245	1	112
26	0	46
238	2	569
503	0	219
610	2	538
340	2	23
347	1	485
110	1	309
415	1	485
251	2	64
222	0	426
306	2	239
188	2	462
245	0	219
150	1	112
125	2	478
433	0	254
303	1	309
588	0	619
642	0	512
140	0	605
241	0	216
102	0	46
348	0	46
506	0	605
338	2	37
500	2	378
422	0	512
225	0	619
201	1	309
235	0	360
295	0	46
302	0	360
91	1	313
264	0	619
431	0	619
289	2	434
134	0	512
368	0	426
68	1	497
484	0	360
454	0	360
53	0	254
97	0	605
393	0	46
227	1	215
554	2	346
233	1	215
597	1	112
422	1	309
26	2	24
104	1	313
75	1	38
552	2	121
443	2	280
227	2	286
41	1	491
576	1	313
614	1	313
361	1	491
476	0	254
417	1	491
263	1	38
42	0	426
293	2	121
197	0	376
573	0	223
431	0	426
272	0	254
82	0	254
539	1	215
212	0	605
120	1	309
600	2	450
388	0	605
515	2	505
529	0	376
277	1	309
327	0	619
423	0	46
614	0	426
165	0	254
104	2	556
479	2	73
245	0	216
415	2	88
79	0	426
12	1	112
503	0	254
246	0	107
646	0	254
189	1	112
43	1	38
265	2	366
588	1	38
68	2	323
148	1	380
573	1	112
188	1	380
282	1	38
496	0	426
502	0	512
141	1	38
128	0	376
372	1	380
247	0	216
529	0	219
645	1	112
214	0	426
560	0	254
350	0	46
520	1	215
297	0	254
77	0	216
597	0	216
600	0	512
195	0	254
157	1	112
433	0	426
188	0	426
473	0	512
547	2	143
498	1	309
148	2	115
559	0	254
529	0	360
96	0	512
288	2	63
564	1	38
39	0	512
195	2	101
522	1	491
499	0	216
246	0	46
463	0	619
78	0	619
89	2	517
635	1	380
455	0	512
265	1	309
357	0	426
102	0	360
548	0	426
328	0	254
415	0	360
134	2	292
148	0	605
289	1	380
535	0	595
441	0	254
440	2	343
526	2	95
128	0	360
317	1	313
377	1	309
643	0	254
84	1	112
161	2	178
165	1	313
161	0	512
199	1	38
302	1	112
75	0	619
30	1	380
120	2	623
447	0	619
402	0	46
307	2	168
361	2	29
258	1	112
402	1	156
20	2	459
53	0	605
251	1	215
371	0	595
463	0	426
393	1	38
539	0	216
252	2	163
454	1	380
641	0	46
213	0	360
289	0	426
12	0	254
189	0	254
432	0	216
242	1	215
350	0	376
440	1	313
433	0	46
113	2	61
261	1	380
140	2	382
199	2	300
67	0	107
36	0	46
334	0	426
503	0	426
349	0	426
259	2	279
138	1	112
532	2	135
302	0	426
479	0	254
449	0	254
264	2	418
304	0	254
288	1	309
75	0	426
263	2	154
447	0	426
220	0	46
494	1	38
357	0	46
4	0	254
236	1	491
187	0	254
508	0	512
297	2	9
137	0	254
515	0	5
372	2	410
77	2	634
157	0	46
417	2	49
67	0	5
340	0	605
581	1	309
409	1	215
308	1	380
480	1	491
476	1	485
293	0	512
602	1	491
406	0	376
390	1	309
593	0	216
503	0	605
30	0	605
281	1	112
646	0	605
529	2	510
197	1	215
42	2	553
82	1	485
408	2	130
288	0	142
293	1	309
311	2	489
252	1	215
328	1	313
451	0	426
502	2	606
306	1	380
213	2	628
350	0	360
480	0	619
519	0	254
302	2	175
391	2	109
261	2	420
246	2	52
515	0	46
436	2	598
354	1	112
539	2	464
308	0	426
419	1	38
499	1	309
492	1	309
597	2	185
408	0	619
206	0	360
173	0	254
162	1	215
203	2	527
408	1	112
97	2	158
475	2	386
125	1	309
585	1	380
119	0	376
567	0	512
409	0	219
334	0	46
433	0	376
473	1	491
349	0	46
217	1	38
635	0	254
8	0	254
306	0	426
518	0	216
258	0	254
421	2	461
531	1	215
75	0	46
263	0	216
442	2	87
559	0	605
362	0	360
308	0	605
181	1	215
252	0	219
206	2	644
110	0	254
406	0	360
471	1	112
456	2	344
645	0	512
327	1	112
463	2	13
414	2	284
201	0	216
102	0	619
594	1	313
408	0	426
4	2	224
640	0	5
247	2	70
320	1	309
60	2	534
98	1	313
12	2	367
371	0	605
580	0	619
244	1	112
528	2	196
384	1	215
330	0	254
493	1	147
642	0	254
580	1	380
47	0	619
402	2	482
60	0	254
89	1	491
266	0	376
529	0	426
90	0	512
452	2	608
271	1	112
433	2	155
586	0	512
242	0	254
414	1	112
422	0	254
336	1	3
303	0	595
83	0	254
455	1	380
472	1	309
210	1	112
516	2	424
238	0	360
566	1	309
540	0	426
94	0	254
127	0	512
281	0	254
503	2	561
189	0	605
506	2	18
137	0	426
278	1	309
165	0	376
442	1	309
580	0	426
401	2	131
100	0	254
306	0	46
363	1	112
203	1	112
128	0	426
233	0	46
555	1	215
317	2	65
405	0	254
40	1	147
8	1	112
231	0	619
398	2	394
528	0	46
547	1	38
474	2	255
440	0	512
388	1	491
197	0	46
