179	0	694
509	2	421
25	0	350
77	2	480
639	0	802
10	1	528
826	0	350
811	0	694
363	2	202
478	0	694
563	2	453
158	0	350
30	0	694
392	0	314
671	1	315
264	2	772
600	0	350
616	2	461
360	0	350
646	0	350
205	2	435
273	0	350
396	1	164
92	1	164
620	1	705
368	0	585
566	0	350
835	1	745
455	1	7
441	0	350
420	1	668
789	2	729
752	0	802
225	0	350
82	1	71
830	2	65
408	0	314
428	2	44
501	2	493
63	2	313
21	0	416
768	2	293
774	0	350
95	0	694
214	0	350
17	2	359
291	2	144
9	0	694
701	2	465
850	0	314
288	2	837
6	1	528
420	0	314
58	2	818
390	2	203
15	0	694
702	2	597
305	0	350
756	0	350
93	0	694
50	1	223
450	1	164
827	1	164
511	0	350
339	1	436
373	0	694
69	2	340
596	0	350
749	0	694
797	0	350
441	0	792
301	1	665
357	0	350
808	0	694
420	0	350
476	2	293
398	0	314
497	0	350
399	1	315
210	2	520
212	0	350
815	0	350
209	2	27
374	2	809
844	1	436
472	1	223
138	0	416
282	0	350
800	0	416
462	0	350
638	2	784
270	1	665
237	2	65
425	0	314
104	0	694
600	1	550
562	2	147
572	2	618
593	0	350
689	2	573
472	2	370
419	1	223
409	1	528
596	0	792
26	0	802
129	0	694
540	1	164
318	2	818
307	0	350
684	0	416
614	2	635
127	0	350
569	1	235
744	0	350
673	2	103
749	2	592
767	0	416
543	0	350
212	0	792
319	0	350
542	0	694
170	0	350
195	1	657
35	2	123
718	2	199
365	2	480
247	0	694
200	0	694
834	2	391
278	2	432
19	2	759
312	1	528
446	0	350
832	1	679
738	0	350
707	0	222
591	0	350
413	1	115
92	0	314
736	0	792
295	1	528
527	2	685
306	1	235
284	1	436
469	0	694
368	0	694
569	0	350
488	1	532
337	0	314
72	2	250
512	2	20
238	1	7
581	0	416
702	0	694
344	1	164
690	0	350
774	0	694
131	1	223
186	2	0
804	2	406
346	1	528
320	1	315
538	0	694
396	0	350
245	1	315
688	2	161
606	0	802
708	2	378
814	1	436
264	0	350
142	0	314
836	0	694
337	0	350
417	2	531
240	1	434
397	1	532
813	2	150
671	0	314
85	0	350
362	2	553
758	0	350
294	2	647
569	2	249
305	1	528
363	0	350
561	1	668
561	2	641
491	2	456
560	0	694
48	1	434
743	1	532
353	1	7
497	0	694
851	1	7
714	0	694
774	2	812
360	1	223
746	1	436
815	0	694
622	1	434
523	0	350
48	2	608
327	0	694
1	2	323
722	0	350
488	0	416
854	1	115
633	0	350
157	0	350
66	0	350
186	1	657
740	1	672
795	0	416
227	1	668
291	1	436
609	1	7
515	2	652
737	0	802
719	2	74
251	0	350
495	2	448
663	0	350
16	2	33
706	0	350
741	1	665
158	0	802
736	0	222
561	0	350
777	2	336
577	2	650
146	2	772
227	0	314
300	0	350
353	2	54
523	2	316
187	2	728
231	2	61
446	2	292
500	0	350
69	0	694
721	1	532
294	1	164
646	0	802
552	1	434
816	0	694
639	1	436
566	0	802
393	0	694
104	0	416
639	2	178
813	1	436
167	2	852
322	0	314
210	0	350
191	0	694
66	0	792
474	0	350
540	0	350
357	1	223
673	0	694
96	2	102
581	1	315
269	0	694
214	0	802
209	1	679
69	1	434
140	2	199
22	0	314
815	1	223
335	0	350
777	0	350
14	0	694
820	1	528
601	2	697
288	0	314
492	0	350
9	1	24
471	1	434
200	1	657
801	1	436
481	1	223
628	2	68
732	0	350
609	0	694
46	1	436
823	0	350
787	0	350
428	0	222
673	1	434
482	1	657
38	1	705
675	0	350
464	0	416
569	0	694
511	0	802
591	1	436
797	0	802
236	0	350
344	0	314
558	0	694
72	0	350
450	2	309
800	2	162
753	1	532
175	0	350
212	0	802
633	2	303
233	0	350
149	1	528
663	1	550
347	2	134
70	0	350
628	0	350
335	0	792
321	1	164
230	2	842
782	1	528
386	1	665
226	0	350
56	0	792
776	2	107
588	2	547
286	2	463
337	2	674
57	0	314
82	2	554
438	0	350
270	2	525
654	1	436
460	0	694
498	2	2
394	1	436
682	2	218
572	0	314
21	0	350
822	0	350
473	0	694
441	1	528
307	0	802
413	0	416
598	2	526
304	1	223
423	1	528
95	1	115
408	2	219
538	2	228
66	0	222
722	0	694
172	0	416
450	0	694
827	0	694
546	2	723
110	0	350
141	1	594
617	1	115
70	0	792
312	2	726
829	0	694
229	1	164
596	1	235
306	2	549
19	0	350
430	0	314
481	2	537
380	0	350
663	0	694
398	2	332
379	0	350
514	0	350
47	1	668
686	1	679
192	0	314
166	0	350
43	0	314
574	1	594
239	2	155
562	0	314
3	0	350
839	1	519
854	0	350
484	1	528
692	0	585
274	2	12
72	1	550
469	1	665
362	1	665
498	1	115
140	0	350
47	0	314
135	0	694
459	0	314
742	2	152
800	0	350
712	0	350
583	0	350
116	1	436
420	2	568
452	0	350
636	2	182
307	1	235
417	1	705
379	0	792
399	0	694
204	0	350
352	2	496
817	0	350
389	0	350
825	0	350
471	0	416
845	1	745
830	0	416
191	0	416
377	2	173
794	0	416
143	0	350
16	0	350
797	1	7
14	2	18
606	1	436
702	1	315
424	0	416
104	2	271
630	1	528
409	2	530
808	1	705
846	1	434
492	2	76
464	2	5
136	0	350
233	0	694
828	0	350
353	0	350
632	2	405
137	1	7
683	1	657
509	0	350
204	0	792
207	1	115
149	2	589
84	0	802
337	1	657
109	1	434
411	1	657
302	1	665
179	0	350
545	2	105
140	1	550
321	0	350
230	1	235
811	0	350
527	0	416
581	0	350
213	1	223
478	0	350
400	1	7
30	0	350
386	2	289
613	2	177
454	0	694
822	1	528
737	1	436
451	1	665
346	2	533
651	2	522
508	2	627
326	2	99
458	1	705
324	0	694
344	2	262
566	2	573
181	2	234
536	0	350
721	2	699
379	0	694
514	0	694
17	1	665
593	2	490
646	1	436
624	1	434
492	0	802
854	2	329
452	2	625
385	2	477
706	2	345
613	1	223
623	1	528
497	2	680
428	1	665
692	0	694
737	2	661
602	1	528
324	2	442
328	0	585
488	0	350
675	0	802
382	0	416
795	0	350
82	0	694
752	1	164
651	0	314
749	0	350
486	0	350
746	2	253
175	0	802
588	1	434
515	1	164
599	2	649
447	1	436
628	0	802
146	0	694
843	1	436
455	0	350
684	0	694
663	2	206
53	0	416
229	0	792
518	2	90
774	1	672
172	2	517
438	0	802
518	1	315
667	0	350
487	2	260
26	1	315
104	0	350
215	0	694
819	2	751
775	2	333
460	2	648
686	0	694
35	0	350
795	0	792
1	0	350
429	2	5
606	2	666
365	0	350
817	2	76
429	1	164
131	0	350
484	0	350
116	2	275
163	0	416
630	2	848
196	1	668
317	0	792
383	1	653
43	2	757
307	2	37
205	0	350
189	1	164
489	0	694
776	0	350
390	0	350
269	2	325
464	0	350
212	2	356
204	2	763
244	0	350
198	0	694
247	0	350
240	2	203
823	1	705
632	0	314
787	1	705
200	0	350
426	1	315
854	0	802
88	2	60
165	2	824
22	1	705
169	2	494
692	2	255
570	2	762
595	2	404
765	0	350
484	0	792
254	1	528
10	0	694
187	0	350
707	0	350
560	1	668
419	2	772
469	0	350
368	0	350
322	2	263
495	1	528
556	2	728
702	0	350
545	0	314
576	2	605
711	2	847
803	0	350
538	0	350
683	0	694
413	0	350
48	0	350
3	1	657
785	0	222
1	1	550
364	1	528
53	1	315
347	0	416
191	2	11
225	1	45
801	2	496
688	1	657
135	1	528
179	1	223
160	1	436
698	0	350
707	0	792
389	2	221
560	0	350
638	1	594
299	1	434
527	1	506
609	2	11
348	0	416
590	2	443
393	1	668
327	0	350
169	0	350
817	1	679
49	2	283
583	1	235
575	2	703
552	2	695
631	2	507
48	0	792
238	0	350
523	1	436
462	2	586
179	0	802
165	0	694
88	0	350
811	0	802
117	1	315
581	0	802
478	0	802
583	2	34
266	1	434
328	2	725
93	2	128
451	0	416
754	0	222
711	1	519
612	0	416
664	2	771
335	1	115
712	1	705
732	2	354
296	0	350
69	0	350
718	0	694
238	2	786
143	1	235
816	0	350
46	0	416
229	2	32
409	0	694
471	0	350
688	0	350
604	0	694
830	0	350
311	1	528
794	0	350
141	0	350
429	0	350
244	0	694
673	0	350
851	0	350
542	1	528
424	0	350
25	1	528
9	0	802
14	0	350
628	1	745
268	2	277
189	0	350
839	2	772
733	0	416
541	2	805
47	2	468
192	1	665
8	1	668
196	0	222
598	1	434
201	0	350
816	2	290
542	2	505
87	1	594
684	2	443
828	1	705
566	1	528
393	0	792
305	2	788
146	1	665
184	1	528
407	1	164
352	0	585
413	0	222
731	2	551
684	1	665
49	1	436
527	0	350
590	1	434
66	1	594
835	2	676
339	0	314
237	0	350
78	1	436
130	2	232
767	1	7
15	1	679
612	2	29
478	1	705
735	0	350
819	1	315
70	1	436
8	0	350
574	2	154
385	1	115
225	2	199
163	2	433
655	2	559
379	1	115
213	2	610
797	2	402
118	0	350
97	1	223
718	1	594
484	0	802
706	1	532
850	1	436
620	2	780
169	0	694
473	2	285
450	0	350
827	0	350
508	0	350
317	2	292
791	1	434
834	0	314
782	2	74
776	0	802
486	1	235
495	0	350
764	2	334
596	2	806
380	2	529
398	1	164
382	0	350
764	1	434
194	0	802
407	2	65
756	1	434
279	0	694
243	0	694
200	0	802
183	0	350
175	1	223
94	2	89
163	1	235
380	1	436
110	2	297
440	2	159
386	0	350
651	1	235
245	0	694
268	0	350
741	2	75
400	2	122
366	0	350
655	1	164
278	0	694
825	1	115
191	0	222
22	2	842
135	0	350
53	0	350
279	1	434
319	1	528
213	0	416
418	1	164
424	0	222
308	0	222
810	1	151
675	1	532
814	2	670
188	2	669
16	1	434
279	2	642
486	2	790
563	1	705
754	0	416
593	1	434
46	2	168
846	2	783
487	1	665
546	0	585
3	2	750
117	0	314
689	1	164
84	2	139
239	1	315
459	2	643
42	0	314
50	0	694
58	0	694
19	1	223
758	1	7
789	1	436
727	0	792
49	0	314
284	0	350
445	0	350
504	2	853
632	1	657
166	2	232
179	2	629
180	2	793
427	1	434
742	0	694
364	2	62
479	0	350
707	2	98
509	1	151
815	0	802
472	0	694
284	2	79
633	1	665
504	0	416
664	0	416
270	0	416
473	1	223
616	0	585
462	0	802
36	0	585
836	1	679
814	0	350
312	0	416
208	2	715
624	0	314
8	0	694
804	0	694
736	2	224
231	1	506
731	0	350
460	1	528
418	2	148
475	1	315
638	0	802
208	1	115
120	1	115
781	0	350
454	0	350
835	0	222
808	2	431
631	1	657
157	1	164
746	0	350
36	2	355
23	1	164
844	0	694
78	2	139
541	0	350
347	0	350
385	0	350
730	1	657
183	0	222
328	1	115
184	0	350
183	0	694
14	0	802
764	0	416
189	0	802
481	0	350
749	1	434
243	1	657
756	0	416
282	1	235
386	0	694
207	2	4
655	0	314
214	2	422
692	0	350
588	0	350
319	2	580
138	0	350
497	1	705
291	0	416
82	0	350
130	1	528
212	0	416
397	2	838
819	0	350
667	1	434
189	2	298
400	0	350
104	1	115
813	0	350
126	2	483
794	1	657
498	0	416
188	0	416
556	0	350
733	1	668
335	2	31
200	2	73
184	0	792
57	2	101
317	1	235
777	1	528
395	2	761
374	1	668
612	0	350
418	0	350
811	2	769
546	0	694
191	1	235
801	0	350
100	1	235
284	0	222
708	0	350
767	0	350
822	2	199
46	0	350
63	0	350
722	2	44
736	1	705
721	0	694
460	0	802
604	1	115
474	2	778
660	0	350
9	2	496
686	0	350
710	1	665
689	0	350
304	0	350
541	1	550
327	1	665
77	0	350
167	0	350
830	1	528
810	0	416
441	2	805
595	1	434
244	1	434
584	1	436
512	0	350
169	1	7
727	1	223
362	0	694
654	0	314
775	1	665
733	0	350
198	2	466
304	2	716
601	1	528
814	0	694
621	1	315
841	0	350
395	1	665
349	0	350
80	0	350
129	1	436
489	0	350
396	2	75
770	1	315
482	2	678
137	2	367
555	2	153
357	2	256
166	1	665
100	0	350
730	0	792
198	0	350
731	1	164
85	2	52
719	1	164
394	0	350
616	1	434
577	1	436
21	1	528
26	2	112
23	0	314
800	1	665
306	0	350
57	1	528
286	0	314
239	0	350
541	0	694
120	2	838
110	1	528
43	1	665
471	2	700
158	2	709
369	2	855
758	2	625
545	1	434
240	0	694
210	1	668
208	0	350
120	0	350
318	1	235
137	0	694
389	1	665
508	1	235
183	1	657
229	0	350
348	0	222
735	2	252
835	0	416
278	1	315
205	1	223
141	2	113
136	2	27
849	0	694
393	2	224
194	2	640
639	0	694
754	2	241
560	2	766
411	0	350
6	0	350
768	0	585
87	0	350
366	2	852
280	1	434
358	0	350
543	1	315
236	1	668
233	0	802
338	0	694
116	0	350
767	2	799
475	0	350
851	2	145
617	2	124
35	1	532
281	2	29
361	1	235
186	0	314
266	0	350
765	2	644
321	2	27
38	2	641
801	0	694
267	1	665
491	1	164
127	2	637
273	2	510
811	1	665
785	0	792
840	1	315
165	0	350
215	1	528
701	1	665
138	2	220
574	0	694
299	2	496
743	2	457
841	0	222
247	2	376
282	2	553
409	0	350
575	1	657
846	0	314
379	0	802
38	0	350
233	2	589
201	1	434
14	1	151
184	0	802
598	0	350
827	2	55
301	0	350
326	0	350
295	2	704
823	2	310
213	0	792
613	0	350
832	2	503
437	2	176
588	0	802
214	1	668
614	0	350
664	0	350
270	0	350
581	2	748
742	1	657
209	0	350
590	0	350
196	0	350
82	0	802
719	0	350
312	0	350
331	1	315
820	2	265
738	1	436
607	2	662
26	0	694
327	2	132
212	1	679
254	0	694
295	0	350
478	2	414
318	0	350
258	1	528
449	1	164
578	2	677
791	0	314
146	0	802
601	0	350
753	0	416
675	2	831
349	2	65
667	2	659
365	1	315
575	0	350
346	0	350
621	0	350
447	0	314
843	0	314
622	2	156
6	2	119
462	1	532
686	0	802
373	2	494
768	0	222
829	1	434
286	1	434
500	1	315
42	1	665
645	0	694
535	2	39
85	1	436
21	2	687
363	1	436
475	2	64
358	1	528
841	2	272
557	1	528
572	1	705
476	1	679
247	1	315
126	0	694
268	1	115
142	1	436
135	2	544
301	2	259
654	2	559
578	0	694
775	0	350
452	1	235
599	1	434
194	1	665
558	1	223
636	0	350
198	0	802
765	1	315
143	2	656
279	0	350
243	0	350
394	0	802
126	1	434
498	0	350
138	1	705
188	0	350
175	2	724
15	2	526
251	2	634
417	0	350
181	1	506
491	0	350
251	1	436
712	0	416
294	0	314
245	0	350
845	2	113
752	0	416
410	2	342
10	2	470
764	0	792
278	0	350
604	2	34
360	2	75
390	1	164
489	2	108
41	0	350
455	2	658
489	1	657
459	1	705
598	0	694
817	0	416
170	2	40
308	0	350
451	2	91
521	0	350
261	2	442
565	2	587
229	0	802
646	2	121
143	0	416
476	0	585
810	0	350
722	1	223
707	1	115
555	1	315
737	0	694
197	0	350
236	2	467
826	0	694
820	0	350
411	0	802
512	1	705
158	0	694
600	2	217
411	2	603
6	0	802
741	0	350
36	1	164
840	0	350
300	2	439
449	0	314
742	0	350
426	2	842
482	0	694
646	0	694
281	0	350
117	2	643
195	0	416
352	0	350
230	0	314
566	0	694
570	0	350
288	1	436
358	2	773
95	2	51
833	1	436
492	1	519
382	1	594
621	0	694
427	0	792
88	1	665
118	2	86
149	0	350
273	1	434
111	0	694
571	1	668
226	1	436
770	2	747
165	0	802
437	0	314
782	0	350
160	0	350
733	2	343
437	1	705
338	1	315
394	2	125
181	0	350
438	1	436
536	0	416
795	2	171
56	1	223
487	0	350
504	1	223
397	0	314
732	1	223
170	1	519
535	0	350
308	1	550
571	0	314
511	0	694
111	1	434
835	0	350
836	2	174
604	0	802
180	1	532
711	0	350
844	0	350
357	0	694
264	1	653
454	1	436
94	1	315
423	0	350
326	0	802
840	2	615
849	2	108
408	1	434
324	1	436
564	1	315
53	2	717
58	1	550
258	0	350
258	2	444
165	1	657
807	2	190
417	0	694
826	2	805
556	1	115
781	2	553
267	2	193
300	1	705
181	0	792
576	1	436
84	0	350
810	2	852
743	0	350
593	0	694
425	1	528
794	2	856
565	0	350
645	2	206
368	2	355
331	2	649
413	2	113
438	2	162
479	1	594
167	1	745
80	2	502
25	2	114
753	2	248
744	0	694
540	2	257
563	0	416
445	2	717
237	1	665
698	2	696
557	0	350
183	2	81
347	1	71
828	2	257
48	0	802
571	2	739
77	1	434
562	1	436
607	0	314
196	2	539
570	1	24
160	2	534
595	0	350
187	1	679
296	1	434
807	1	436
127	1	434
690	1	115
645	1	653
440	1	528
721	0	350
377	1	528
768	1	653
56	0	585
80	1	434
97	0	350
8	2	232
602	2	206
109	0	350
281	0	694
845	0	416
843	2	28
410	1	115
577	0	416
362	0	350
428	0	694
839	0	350
630	0	350
458	0	222
49	0	350
712	2	415
623	2	13
781	1	532
458	0	694
41	1	223
274	1	7
78	0	350
407	0	350
740	0	350
620	0	350
682	0	350
521	2	246
804	1	164
469	2	341
664	1	705
273	0	416
787	2	435
266	2	696
535	0	222
514	1	532
201	2	755
710	0	314
118	1	528
849	1	668
197	1	223
363	0	694
698	1	235
688	0	802
215	2	531
261	1	668
753	0	350
30	1	436
555	0	350
474	1	7
41	0	802
692	1	532
395	0	314
576	0	314
633	0	222
240	0	350
136	1	223
735	1	434
244	2	760
137	0	350
841	1	71
320	0	314
770	0	314
803	2	133
621	2	579
514	0	585
280	0	350
458	2	619
826	1	653
423	2	12
834	1	528
578	1	745
320	2	779
302	2	467
501	1	164
233	1	315
567	2	734
622	0	350
639	0	350
741	0	802
302	0	350
369	1	315
623	0	350
727	2	275
567	1	164
188	1	235
300	0	694
446	1	672
500	0	694
602	0	350
543	2	530
557	0	694
803	1	550
789	0	314
451	0	350
96	1	164
66	2	384
130	0	694
373	1	436
454	2	287
740	2	371
636	1	705
564	0	314
184	2	763
754	1	434
30	2	351
366	1	519
730	0	350
807	0	585
198	1	594
17	0	350
226	2	485
552	0	350
515	0	350
752	2	67
94	0	350
231	0	350
192	2	798
445	1	528
511	2	554
574	0	350
352	1	679
97	2	681
536	1	657
296	2	713
785	1	223
690	2	691
36	0	694
844	0	802
795	1	223
833	0	694
374	0	350
326	1	151
740	0	694
267	0	314
197	2	499
730	2	412
41	2	548
87	2	381
440	0	314
829	2	516
195	2	821
825	2	720
382	2	83
410	0	350
701	0	314
558	2	625
738	2	106
546	1	223
464	1	436
518	0	416
744	1	45
93	1	657
833	2	526
377	0	350
484	2	582
500	2	611
791	2	185
392	1	164
832	0	350
379	2	402
254	0	350
204	1	7
368	1	436
50	2	401
339	2	693
683	2	388
364	0	314
299	0	350
617	0	314
488	2	329
348	1	164
131	2	513
84	1	657
538	1	436
426	0	314
721	0	802
166	0	694
95	0	350
261	0	694
511	1	164
419	0	350
557	2	216
399	2	276
854	0	694
364	0	350
768	0	350
349	1	315
322	1	71
599	0	350
631	0	222
815	2	524
331	0	314
565	1	235
752	0	222
814	0	802
126	0	350
93	0	350
567	0	350
612	1	528
584	2	59
561	0	416
180	0	314
714	1	436
584	0	314
269	1	528
430	1	434
274	0	350
708	1	528
808	0	350
383	0	350
361	2	477
817	0	222
96	0	350
514	2	725
686	2	31
535	1	665
606	0	350
660	1	528
776	1	668
785	2	375
348	2	91
479	2	330
521	1	115
768	0	792
109	2	211
563	0	350
607	1	657
540	0	416
158	1	387
172	1	223
744	2	108
501	0	792
383	2	372
335	0	416
777	0	416
361	0	350
614	1	532
100	2	530
70	2	626
129	0	350
322	0	416
369	0	350
353	0	694
816	1	436
682	1	657
281	1	745
63	1	434
787	0	416
424	2	403
509	0	694
311	0	350
845	0	350
536	2	796
424	1	436
207	0	314
756	2	242
542	0	350
