131	1	2030
1704	1	344
1315	0	2493
2486	1	111
2564	0	642
1973	0	1587
2164	0	2291
2227	1	79
1807	0	234
1505	0	1764
284	0	1974
1563	1	884
861	0	740
2427	0	1074
1722	1	2382
2534	1	1623
1942	0	2371
1337	1	1115
202	1	1810
1301	1	147
2010	1	72
2567	1	1397
798	0	2221
208	0	914
39	1	1424
613	0	175
1076	1	1295
2158	0	2137
1017	0	432
2253	0	623
1429	1	1214
793	1	2433
1273	1	2359
273	0	1468
2550	1	1524
752	1	548
1909	1	1269
2017	0	1117
2007	1	709
2589	1	1379
2092	1	2526
14	0	1092
2421	1	1459
48	1	1079
962	1	2467
576	1	1502
1508	1	116
697	1	1606
1157	0	190
2284	0	824
1818	0	1579
236	0	372
1946	0	1454
2253	1	1201
1575	0	728
2384	0	683
652	1	1706
739	1	2229
2464	1	1745
2238	0	1912
1789	1	99
1841	1	586
366	1	1876
1613	0	467
2581	1	573
390	1	2366
2244	1	1535
974	0	1864
172	1	1813
1599	0	2278
1461	0	950
741	1	1475
1865	0	1230
660	1	2102
1335	0	2394
1983	1	2357
977	1	689
1362	1	163
969	1	2465
629	1	2043
1227	1	2346
743	0	1250
1299	1	148
153	1	1977
1050	1	719
1004	1	1446
681	1	514
2166	1	617
694	0	308
818	1	801
1211	0	1503
1841	0	1952
942	0	1546
1683	0	2362
482	0	1891
737	1	394
307	1	1976
602	1	1305
1486	0	1165
1838	0	650
1822	0	1012
375	0	442
1225	1	553
243	1	42
2504	0	901
480	1	868
589	1	788
2580	0	2445
2117	0	1603
229	0	2163
1315	1	1555
756	0	2396
39	0	1070
2008	1	649
1335	1	1249
106	1	1696
132	1	1375
2363	1	130
837	0	2385
1097	0	1719
2384	1	1586
445	1	2098
2519	0	313
2492	1	1849
2303	1	23
785	0	2595
311	0	161
2224	0	1467
727	0	2350
1634	1	905
717	1	1732
1525	1	927
30	0	836
1090	0	156
2430	1	711
1680	1	1110
734	1	592
94	1	1832
1369	1	557
533	0	1710
246	0	269
1929	1	1253
179	1	2561
829	0	2432
1105	0	1847
2200	1	1959
1598	1	1716
2534	0	220
122	1	2103
1767	1	2437
2372	0	995
2071	0	1071
2466	1	746
2147	0	58
171	1	463
539	0	256
2189	1	1569
216	1	1749
1597	1	1571
2234	1	1377
2527	1	1183
945	1	1768
2455	0	260
35	1	1271
1766	0	2230
236	1	604
654	0	121
1715	1	2297
900	0	1393
2135	0	258
1629	0	361
2315	1	2089
1903	1	1204
1658	1	2553
747	0	401
1923	0	1236
1001	1	644
239	1	2446
106	1	1539
2376	1	1404
1210	0	2530
1600	0	1284
908	0	1868
1466	1	790
762	0	2084
974	1	544
2338	0	1915
647	1	1137
1058	0	1189
1589	0	1668
1001	1	1657
227	1	20
863	1	1572
1692	1	1342
674	0	1040
1255	0	1380
1101	1	92
2072	1	1331
2473	0	2548
881	1	1190
983	0	2237
1001	1	2068
421	1	2390
1408	1	346
915	1	2335
2364	0	1779
734	0	1760
1337	1	299
627	1	1086
1351	1	598
264	1	405
1640	0	188
262	1	746
487	1	2313
202	0	670
2051	0	136
2255	1	1065
473	1	1363
1020	0	501
2276	1	2286
193	0	1061
2122	0	618
2309	1	1306
785	1	2518
2105	1	1770
949	1	371
251	1	1698
2376	1	840
1786	1	2563
1979	0	2329
2031	1	2560
528	0	1846
1925	1	267
1943	0	536
1878	1	930
2122	1	1828
63	0	1215
2559	0	642
1259	1	961
1228	0	2111
324	1	1706
1167	1	89
1621	0	2241
2165	0	107
1018	1	2569
1104	0	8
1371	0	2524
1152	0	187
2208	0	1138
14	1	845
132	0	368
1611	0	316
659	0	1684
71	1	1009
1729	1	1553
2458	1	913
2517	1	1610
2008	1	2419
2071	1	649
701	1	2030
1208	1	44
2233	1	1123
1448	1	2225
859	1	1619
62	0	2410
2149	1	31
1838	1	1870
1640	1	1309
565	1	2206
715	1	1333
439	0	666
1017	1	1212
124	0	973
1219	0	452
473	0	1668
403	1	70
1909	0	1320
992	1	649
1398	1	391
503	0	1283
95	1	898
1594	0	113
608	0	2235
2197	0	591
497	0	1230
276	1	1564
307	0	136
68	1	1314
987	0	1514
51	0	1040
1856	0	1340
2055	1	1432
2372	1	189
1051	0	693
25	1	1917
717	1	1155
1658	0	2154
418	1	328
1280	1	382
1869	1	2447
1153	0	1712
74	1	1595
2002	1	1914
1589	1	2265
448	1	765
1451	1	241
2246	1	1708
622	1	1527
357	1	2290
848	1	2260
1890	0	1612
108	0	2291
614	1	951
446	0	995
580	1	833
717	1	691
2328	1	1346
2320	0	1898
1308	1	1631
1888	0	247
1411	1	1345
802	1	327
1187	1	2151
1588	0	1034
984	1	2594
186	0	2405
1818	1	761
1486	1	719
1458	0	2176
2167	0	1989
1960	1	157
2207	1	673
1680	0	516
1983	1	1873
2042	1	1378
302	1	2046
2071	1	903
1062	0	458
87	1	1746
1042	0	698
315	1	1142
565	0	2461
2528	0	753
2484	1	1435
1226	0	2378
512	1	2289
1273	1	731
264	0	934
360	1	443
441	1	214
224	0	1916
555	0	1107
1778	0	970
571	0	317
1574	0	1655
2097	0	875
735	1	1170
655	1	2420
2321	0	597
1398	0	1389
2597	0	824
1519	0	78
1848	1	1745
395	1	1477
284	1	527
2083	0	582
2572	0	1992
792	1	2489
2104	1	2571
1267	0	358
427	1	1932
2507	1	1088
424	1	2143
994	1	1425
1788	0	634
911	1	1798
1273	1	549
357	1	2424
2233	0	1618
2008	0	1580
1072	0	1802
1041	1	561
918	1	43
2360	1	1007
2262	1	1378
1826	0	1008
2268	0	1759
526	0	774
418	1	626
2277	0	306
715	0	293
2545	1	309
1337	1	766
2054	1	800
1608	0	639
2520	0	1176
2211	1	184
2215	0	593
276	0	1426
1899	0	1986
34	1	1860
601	0	1182
1417	1	1576
809	1	1183
1925	1	588
2479	0	2379
2195	0	2340
668	1	1019
638	1	2459
2172	0	1449
1934	1	1261
2565	0	2240
2156	0	1386
2007	0	86
1062	1	854
338	1	1565
400	1	2539
2308	1	2116
602	0	120
534	0	110
2395	1	1828
48	1	2503
2220	0	1108
1288	0	2548
2294	1	405
2512	1	605
551	0	615
318	1	662
1357	0	778
2261	1	2141
2253	1	2108
1267	1	1381
653	1	1054
2462	1	118
1907	0	2278
944	0	693
1758	1	394
1302	0	1409
2479	1	1385
421	1	1368
994	0	1681
587	1	345
1765	1	2495
129	1	2086
2010	0	1660
348	0	1024
2355	1	612
181	1	1657
990	0	2127
1869	0	1974
1573	0	2146
2085	1	1650
2161	1	2388
2198	0	1661
646	0	1771
497	1	2114
421	1	2160
924	0	2101
1730	1	2333
2354	1	2560
2047	1	1163
920	0	934
1919	0	2385
2048	1	1373
2099	1	773
744	1	2444
465	1	1543
468	1	444
2331	1	1476
1413	1	894
2479	1	314
2397	0	1541
1403	1	1793
2246	1	821
1081	1	775
2095	0	233
1256	0	876
2494	0	856
809	0	297
211	0	1250
1355	1	725
1498	1	705
1238	1	943
525	0	1727
2042	0	1862
2073	0	2240
1444	0	33
224	1	2288
146	1	1243
268	1	231
73	0	1382
909	0	1908
311	1	1713
688	0	823
1982	0	2067
1185	0	1673
149	1	1421
124	1	2555
762	1	978
1141	0	2332
580	0	651
2010	1	630
1789	0	2201
1988	1	1289
340	0	2542
543	1	164
616	1	1813
1270	0	699
590	0	1513
871	1	866
1402	1	1493
1600	1	1854
2393	0	1913
513	1	1120
2092	0	368
1785	1	49
1438	1	347
73	1	438
1082	1	1293
1316	0	2445
2212	0	32
1766	1	1148
1153	1	2219
1494	0	4
1897	1	2304
357	0	636
1053	0	1681
2528	1	195
2411	1	937
489	0	1557
1383	1	568
2429	1	371
2092	1	312
2342	0	550
2354	0	2079
1004	1	1536
1632	1	1474
302	0	610
322	1	1991
992	0	1580
402	0	740
1498	0	1353
520	1	2481
1185	1	584
338	1	1373
2199	0	2236
796	0	2468
1026	1	96
335	1	2025
2161	0	2283
993	1	1972
15	1	505
857	0	64
1763	1	1537
542	0	956
2355	1	1694
2031	1	532
1018	1	2029
2215	1	572
2330	1	1832
1859	1	1392
2212	1	466
304	0	197
922	0	973
857	1	277
747	1	426
2381	1	2271
1316	1	921
969	0	1989
964	0	989
1226	1	1716
2147	1	605
2533	1	2477
733	0	907
2066	0	228
1200	0	297
744	1	2269
1942	1	556
263	0	1096
663	0	504
1338	0	2549
1783	1	1552
569	1	2093
211	1	1431
1925	0	260
360	0	2417
1823	0	1232
1534	1	2543
1478	1	412
2142	1	657
1195	1	864
158	1	886
448	0	1753
1899	1	2544
1219	1	2543
2353	1	2552
13	0	1579
1299	0	368
1287	1	866
1960	0	170
500	0	2405
815	1	633
609	1	24
377	0	501
413	1	266
998	0	1712
534	1	986
1456	0	180
931	1	184
530	0	1250
315	0	1646
915	0	287
1669	1	832
2550	0	1186
1472	1	464
366	0	197
1265	1	83
992	1	2522
887	0	919
2306	0	1518
916	1	1887
1751	0	597
158	0	105
2118	1	2033
1011	1	1706
1715	0	594
2214	1	54
980	1	55
938	0	221
205	1	742
2421	1	658
2047	0	618
2152	0	1304
2473	1	481
1406	1	547
1077	1	1790
2565	1	499
1834	0	877
2364	1	1126
74	0	677
14	1	2529
1689	0	690
1234	1	1821
965	0	1582
1067	1	1073
159	0	1327
1114	0	1339
1408	0	1467
424	0	1168
796	1	275
1836	1	838
590	1	339
375	1	839
1177	1	359
1075	1	305
932	0	1008
2316	1	1194
262	1	347
564	1	1257
922	1	2351
1348	0	1675
12	0	1189
546	0	1846
506	1	353
1448	0	1166
1692	0	2451
388	1	1130
355	0	297
153	0	2312
1743	1	1773
587	0	1420
1280	0	1609
1583	0	2230
1235	1	2531
1750	1	117
487	0	88
2058	0	2432
335	0	1835
160	1	1957
2092	1	274
668	1	1497
2031	0	2079
743	1	713
944	1	21
279	0	2292
1075	0	223
2020	1	1529
1208	1	1930
2407	0	2314
1998	1	2086
579	0	879
2533	0	1952
1402	0	1867
847	1	716
38	0	955
1217	1	75
1463	1	1460
171	1	2370
1224	0	1059
2139	0	1327
1020	1	1593
2119	0	217
2562	0	1560
1951	0	2602
268	1	1742
1044	0	1131
2167	1	928
132	1	789
1591	0	1784
1948	1	1049
109	0	1487
2376	0	1879
1406	0	2111
227	1	1002
2436	1	2006
302	1	2088
497	1	892
1934	0	2405
2055	1	1780
513	0	2324
2073	1	499
2008	1	1755
265	1	144
2491	0	891
1450	1	82
1210	1	491
1750	0	1700
1433	1	235
2501	0	2525
1050	1	362
186	1	1239
1563	1	1672
2601	0	1684
939	0	2067
1948	0	2302
546	1	2521
402	1	925
580	1	2483
304	0	1419
1545	0	1223
619	0	459
1050	0	1165
1141	1	2398
1516	1	888
1903	1	1625
675	1	692
1878	0	361
449	0	1581
737	0	297
385	0	1592
203	1	2446
330	1	296
1078	1	440
1907	1	1052
1693	0	1956
818	0	1296
1782	1	1441
222	0	331
304	1	1427
265	0	1349
38	1	2286
1511	1	2188
859	0	1895
569	1	310
2486	0	1323
815	0	2236
1127	0	1673
545	1	47
745	1	1706
1861	1	119
1958	0	2394
2306	1	231
1583	1	2183
1045	1	960
304	0	2267
2342	1	872
191	0	2374
560	1	52
430	0	2155
213	0	1282
1240	1	456
1028	1	1035
68	0	2454
285	1	1457
1967	0	1590
2100	0	7
2284	1	2357
2572	1	486
2520	1	165
2203	1	2243
1512	1	1307
1410	1	1021
1028	1	1162
259	1	2081
1279	0	517
1495	1	2144
1573	1	611
732	0	1753
2208	1	1559
701	1	464
545	0	2524
1324	0	1220
1542	1	341
519	1	2124
1225	0	2059
500	1	1757
1471	1	1173
922	1	2555
2263	1	6
2150	0	2598
166	1	1977
1472	0	1900
1259	1	1412
2319	0	2202
1641	1	1803
2214	0	91
1637	0	271
1376	0	1820
707	0	295
1127	1	281
1463	0	2312
614	0	877
519	1	194
2303	0	972
1448	1	1298
1494	1	1666
1085	1	2131
539	1	1098
1881	0	1540
522	1	2078
848	0	1146
574	1	2568
2234	0	603
1669	0	634
2245	0	2137
2545	1	1949
629	0	1
2097	1	2469
30	1	2356
1902	1	1000
1278	1	127
2462	0	422
1301	0	2216
2207	1	1423
2301	1	371
609	0	2012
2452	0	1483
2211	1	1776
2105	1	2409
938	1	889
2255	0	1192
936	0	1728
2277	1	2369
1629	1	2009
1152	1	2337
285	0	1061
803	1	2279
2499	0	2428
335	1	1558
2227	0	2428
1850	1	2518
2200	0	1585
659	1	394
2014	0	2472
13	1	761
18	1	1804
2538	1	708
1015	1	1889
555	1	2442
2353	1	865
2274	0	2500
1045	1	1206
2453	0	955
1979	1	1156
1909	1	2326
1321	1	2159
2262	0	509
947	0	485
15	0	581
28	0	2493
1940	1	946
1210	1	134
1801	0	1426
2113	0	1223
2342	1	873
1141	1	858
1177	0	2174
1450	0	1673
1031	1	1344
837	1	83
2169	1	1851
2238	1	1920
2480	0	2478
992	1	1755
2197	1	2322
1525	0	2485
2585	1	371
441	0	2392
2491	1	1642
2535	1	643
625	1	834
68	1	1442
1819	0	1207
2186	1	680
1031	0	1510
1721	0	428
1278	0	142
2480	1	1596
1781	0	1087
204	1	1499
551	1	2460
1688	0	1799
2545	1	2270
183	1	1991
1983	1	398
701	1	781
2037	0	2435
895	0	392
1911	0	2324
488	1	1347
488	0	1479
1643	1	412
154	0	1189
2222	0	155
1953	1	2341
2397	1	168
1938	0	2194
1819	1	2115
980	1	143
1193	0	718
2074	0	1231
2453	1	2286
2354	1	27
1859	0	139
451	1	2511
1106	0	1711
563	1	702
1418	0	1705
542	1	2399
1252	1	125
2586	1	1566
1826	1	2404
601	1	1993
1507	1	1739
51	1	387
1042	1	2514
1511	1	1914
2484	0	136
476	1	816
1637	1	1368
129	0	1614
1530	0	298
2245	1	429
1076	0	2579
1969	0	206
87	0	173
2463	1	1839
503	1	720
1607	1	882
2244	0	2476
637	0	2450
1607	0	869
1921	1	2483
301	0	32
1717	1	1894
738	1	691
1617	0	1415
1637	1	2160
1102	0	509
395	1	2061
2268	1	1123
1853	0	1726
1208	0	726
2330	0	1131
641	1	1950
1643	1	1275
1466	0	2298
602	1	971
990	1	1999
739	0	1343
1172	1	1756
5	1	365
916	1	2347
1522	0	1400
2175	0	1990
484	1	1150
1394	0	1661
1519	1	2322
1836	0	728
2372	1	478
215	1	502
1737	0	1276
71	1	812
566	0	1303
2364	1	1490
393	1	1676
1663	1	31
797	0	1108
1901	0	396
1929	1	1774
1172	0	867
324	0	879
2057	1	2537
1936	0	1040
1982	1	730
529	0	2123
1311	0	1380
1690	1	1628
1929	1	2558
151	0	537
530	1	2027
2599	0	2417
815	1	1216
1325	0	2112
48	0	1292
1782	0	1829
563	0	926
169	0	1893
2427	1	2196
2191	1	758
948	1	628
1605	0	2016
468	1	1656
1857	0	228
1761	1	538
935	1	1358
1958	1	750
1112	1	2280
909	1	325
1046	1	1036
952	0	1415
1210	1	1561
61	0	2163
1885	0	1209
741	0	1246
717	1	1436
2464	0	2168
71	0	2310
1403	0	740
2519	0	2386
883	1	704
2135	1	1244
1658	0	774
484	1	1245
1597	0	677
1233	1	140
1837	1	1843
261	0	891
794	0	822
280	1	2001
2284	1	1873
755	1	2467
315	1	469
1767	1	1129
209	1	1905
268	0	1518
752	0	136
2185	0	1762
1114	1	2045
678	1	177
962	0	844
1032	1	81
1720	1	1578
1882	1	1644
2044	1	434
1615	0	234
437	1	959
230	1	645
1888	1	672
427	0	844
1078	0	950
35	0	1455
445	1	880
1458	1	1128
2092	1	1039
1941	0	1772
395	0	2063
1003	1	729
2215	1	137
1357	1	2299
1961	0	2216
205	0	1124
733	1	1824
2294	0	934
203	0	2374
638	0	1933
472	1	2239
1507	0	220
948	0	1655
2182	1	1999
1748	1	1365
1761	0	811
451	0	828
2113	1	816
1429	0	1691
1023	1	535
46	1	1064
1045	1	1639
2317	1	2293
1297	1	1123
2535	0	1580
2145	0	2548
403	0	207
2263	0	2011
939	1	2551
238	0	2062
2490	1	282
2600	0	2582
2507	1	1602
375	1	664
2527	0	1684
1411	0	1443
320	1	2286
76	1	776
1081	0	1169
1865	1	242
1983	0	554
1273	0	1995
496	0	1840
1921	1	2400
608	1	2050
1588	1	2082
908	1	1428
2331	0	583
2040	0	1313
1654	1	687
2182	0	297
1658	1	1937
629	1	1709
2056	0	1660
2406	1	1421
1318	0	1891
827	1	819
2575	0	2540
232	0	784
2600	1	0
1704	0	1334
1731	1	1396
878	0	2258
403	1	2190
1438	0	212
539	1	470
388	0	2332
1006	1	1068
191	1	164
272	0	897
827	0	805
93	1	310
384	0	84
732	1	2094
342	1	1808
393	0	419
181	0	2138
151	1	2307
2036	0	495
965	1	1010
2172	1	570
433	1	846
73	1	1057
1517	0	685
918	0	2311
2519	1	460
109	1	1686
697	1	1733
1456	1	2064
2083	1	2087
1688	1	866
178	0	260
1530	1	2423
878	1	835
385	1	2180
94	0	2015
857	1	1532
1328	1	807
1615	1	2218
2439	0	1794
218	0	981
342	0	2405
251	0	1422
1171	1	2171
1317	0	308
2170	1	2457
1045	1	1241
2517	0	2554
1041	0	988
255	1	416
292	1	455
2276	0	1327
471	1	860
2041	1	748
522	0	173
2429	0	392
2205	1	925
637	1	59
1213	0	1864
1451	0	212
135	0	2325
1871	0	623
1038	0	541
445	0	2343
1157	1	515
259	0	2129
162	0	1188
2121	0	2272
1929	1	195
1763	0	2549
1473	0	2292
179	0	1700
1395	1	2000
1731	0	1987
707	1	1307
1903	0	300
1505	1	103
1921	1	2210
1252	1	252
384	1	66
1941	1	1647
230	1	842
1224	1	1984
1112	0	454
786	0	1845
2164	1	1374
533	1	2474
1465	0	1277
2193	0	850
2053	0	844
255	0	1962
102	1	1360
2411	0	2148
2199	1	2028
1998	0	1614
1297	0	1618
1807	1	1300
1857	1	1113
1788	1	832
216	0	332
131	0	2194
1325	1	1322
1242	1	2475
400	0	670
1743	0	2557
632	1	1310
2301	0	1759
1806	1	479
2572	1	2116
1046	0	1084
1141	1	2431
477	0	1831
1022	1	1295
315	1	830
2401	0	683
1534	0	417
2158	1	711
2042	1	1452
1234	0	1945
1837	0	1282
229	1	431
472	1	150
751	1	349
631	1	2000
415	1	2471
1632	0	2272
2393	1	855
1748	0	2344
1011	0	1370
2510	1	1103
209	1	1198
2010	1	174
2306	1	1584
480	0	1616
1734	0	870
991	0	600
963	1	769
528	1	1635
198	0	112
289	0	1087
1806	0	826
2195	1	817
681	0	298
957	0	1931
679	0	1192
1085	0	870
751	1	1367
847	0	2296
1119	1	2109
1848	0	2498
1469	1	767
1525	0	1070
2494	1	1344
1598	0	1094
2380	0	2332
712	0	1681
453	1	2541
1729	0	1160
13	1	2574
1413	0	1012
1853	1	1183
895	1	1123
1351	0	550
377	1	958
34	0	2588
1321	1	1852
861	1	1183
1101	0	462
863	1	930
1605	1	270
622	0	721
1611	1	490
2232	0	226
1707	1	1332
1154	1	2334
519	1	126
1203	1	1917
2381	0	822
1105	1	1955
471	0	1835
1883	1	1091
30	1	2434
871	0	955
984	1	1791
1369	0	583
749	1	1886
2339	1	1378
1171	0	1544
1154	0	2576
1797	1	1500
2013	0	1820
977	0	2250
2085	0	595
569	0	1356
1988	1	493
2252	1	494
1783	0	401
1969	1	1538
273	1	1286
1256	1	2217
916	0	457
238	1	410
2145	1	2333
1608	1	1344
1080	1	1377
413	0	436
862	0	1470
2439	1	1326
1077	0	1047
461	0	1518
1066	1	378
1044	0	2015
862	1	1521
1690	0	1380
1418	1	2426
178	1	676
389	0	142
1014	1	2132
2508	0	105
1167	0	64
172	0	1918
193	1	2377
1599	1	1139
128	1	985
211	1	250
22	1	1858
2512	0	1582
61	1	1489
1417	0	383
2090	0	1125
1082	1	772
2255	1	1445
1896	1	1056
2207	1	2043
1621	1	929
2200	1	806
1796	1	1504
1973	1	1971
619	1	782
1438	1	241
1362	0	1055
2203	0	2194
76	0	141
1775	0	1771
322	0	2296
1328	0	1547
2254	0	2228
2391	0	1646
1575	1	1480
1179	0	1169
1337	0	2592
51	1	2532
149	0	432
2509	0	770
2017	1	783
589	0	1033
1935	1	1492
461	1	2003
2408	0	269
1195	0	791
1882	0	1222
2519	1	1093
227	0	2024
952	1	492
321	0	1232
329	0	2318
508	0	2059
697	0	2015
379	0	2505
2274	1	1877
1151	0	2394
1528	0	973
596	1	1364
1102	1	1452
2232	1	347
2255	1	1551
1938	1	464
755	0	1353
131	1	781
404	1	1665
1516	0	2566
213	1	979
101	0	2110
1738	0	828
558	1	605
2263	1	29
932	1	1620
1951	1	152
484	0	1912
525	1	1490
996	1	910
1643	0	1895
1624	0	1033
439	1	1281
169	1	2361
1270	1	1388
2584	1	1687
1032	0	1795
222	1	182
166	0	2312
1461	1	440
2581	0	972
1640	1	1446
1641	0	1304
2448	0	2059
1149	1	176
100	1	933
1287	0	1799
1637	1	2390
1850	0	2523
1384	1	2502
1747	1	1957
900	1	1341
543	0	1370
1006	0	923
489	1	552
2448	1	98
1663	0	2496
1106	1	283
768	0	810
1792	0	1144
473	1	2265
984	0	485
2233	1	371
798	1	2470
1562	1	1870
1238	1	1548
2401	1	2153
333	1	1196
421	0	10
1090	1	1143
2285	0	1726
1336	1	1718
529	1	1111
1964	1	567
931	1	2136
12	1	1330
793	0	700
87	1	2096
1617	1	123
2268	1	371
115	0	105
2492	0	1260
1542	0	2547
1287	1	2286
101	1	1978
415	0	1604
355	1	394
2048	0	661
2051	1	1976
2002	0	559
2118	0	1915
321	1	65
1308	0	1434
2074	1	976
2507	0	852
2032	1	2159
1822	1	894
2339	0	1862
248	0	2506
71	1	1922
2436	0	317
135	1	2290
727	1	2365
1471	0	1168
756	1	2573
2596	1	2591
1482	1	420
1722	1	2136
678	0	459
696	0	2019
1714	1	779
931	0	247
2150	1	562
1943	1	2389
1149	0	1487
329	1	244
745	0	2576
1988	1	1811
437	0	1636
1683	1	2323
208	1	1372
2026	0	1554
566	1	77
712	1	624
558	0	2069
248	1	2120
797	1	1312
1252	1	2125
1801	0	278
56	1	1524
2536	0	1339
1004	0	504
1634	0	1133
641	0	554
1044	1	2516
1433	1	60
944	1	1981
159	1	343
912	0	1802
508	1	2023
675	0	1820
2408	1	2173
1928	1	961
2452	1	2190
983	1	425
2277	1	210
1865	1	2114
920	1	1844
2380	1	2398
2455	1	1944
2181	1	1702
1670	0	1087
936	1	813
915	1	1174
571	1	1263
1723	0	408
471	1	1741
751	0	112
2157	1	1662
418	0	2295
2504	1	1132
942	1	2065
1014	0	517
1525	1	40
1921	0	2184
1318	1	2373
1953	0	1633
1929	0	753
2519	0	1540
2499	1	1515
1936	1	1965
225	1	507
2156	1	2
2358	0	1059
146	0	57
924	1	165
224	1	954
706	1	1863
2584	0	1916
1321	0	1547
2411	1	1679
1885	1	904
616	0	406
2047	1	1430
1102	1	1567
2252	0	2235
304	1	376
208	1	1980
2562	1	1140
1018	1	1134
249	0	1220
2367	0	867
2198	1	966
2207	0	1
2066	1	1135
2589	1	1432
2203	1	253
1078	1	1855
1179	1	1996
949	0	392
215	0	2547
2545	0	953
1240	0	1449
2117	1	531
945	1	928
2509	1	1258
1946	1	1391
614	1	1294
1615	1	2413
2242	0	621
263	1	763
1200	1	116
1252	0	17
1478	0	1895
1680	1	1812
2057	0	581
2223	0	1024
373	0	2506
1562	0	1884
1769	1	872
2508	1	2513
243	0	1992
301	1	288
669	1	1118
2430	0	2137
2355	1	764
706	0	1100
980	0	1089
1495	0	2443
2058	1	999
225	1	1039
1880	0	221
204	0	541
373	1	2120
218	1	364
1101	1	2488
669	1	825
2360	0	295
2166	0	1116
2264	1	1703
1545	1	2590
1003	0	917
2157	0	2112
1418	1	1539
1911	1	1453
104	1	1158
1265	0	2515
1563	0	2257
183	0	1649
2368	1	351
1181	0	2593
997	1	254
449	1	2440
1964	0	399
239	0	2576
694	1	1892
97	1	1354
524	0	1483
701	1	50
279	1	80
957	1	250
1509	1	808
1013	0	1063
1290	0	286
915	1	2570
333	0	1124
1525	1	447
674	1	1359
1615	1	1736
1885	1	1274
1648	1	1027
1761	1	1910
2284	1	398
935	0	1840
2421	1	954
1352	0	695
2121	1	874
1935	0	367
1792	1	165
1336	0	2329
2538	0	1577
1488	0	2257
1717	0	1895
2152	1	1199
1482	0	1222
998	1	2204
2119	1	1016
792	0	1005
498	1	1849
2321	1	640
198	1	349
701	0	1043
1836	1	374
1097	1	890
1203	0	370
2220	1	2070
653	0	1484
2246	1	435
1233	0	1184
2051	1	754
945	0	1989
2358	1	167
2372	0	1304
1301	1	584
2353	0	1725
759	0	2298
1067	0	1165
902	1	799
1082	0	784
1003	1	2352
404	0	1138
2575	1	1740
1747	0	2482
714	0	1121
843	1	757
2054	0	740
1786	0	1229
519	0	831
380	1	2249
2177	0	703
2038	0	141
1159	0	1025
802	1	511
1720	0	787
602	1	577
2205	0	2579
2169	1	518
1902	0	1678
2048	1	1464
1881	1	1825
154	1	1330
2140	1	133
2100	1	369
1961	1	147
1042	1	1947
1748	1	2034
1022	0	2127
68	1	1109
2384	1	2153
1390	0	1248
2308	0	1992
1362	1	334
520	0	2443
629	1	1423
560	0	2598
1738	1	414
1778	1	352
208	1	1048
473	1	968
564	0	2577
1465	1	1289
744	0	1603
186	1	1808
2589	0	671
1439	0	139
1433	0	396
1861	0	770
786	1	941
1785	0	1215
1348	1	26
1104	1	2287
1288	1	1496
2189	0	2416
996	0	1
1801	1	1800
1037	1	2018
1707	0	690
1674	1	2133
2363	0	823
1737	1	1754
1734	1	2049
1384	0	2237
232	1	1809
1013	1	885
1823	1	2251
1701	1	1481
2363	1	648
1072	1	2275
574	0	1667
354	1	628
590	1	1447
289	1	656
2013	1	1625
1044	1	1970
2140	0	308
1037	0	2418
1805	0	1673
660	0	814
1865	1	892
1648	0	1893
1238	0	319
1594	1	781
2185	1	1556
330	0	1161
1591	1	2412
1106	1	1266
2545	1	1630
2367	1	1485
1511	1	804
679	1	893
2118	1	386
1841	1	578
2315	0	290
476	0	1827
236	1	1924
519	1	1752
25	0	370
2358	1	682
5	1	1145
647	0	724
2177	1	943
403	1	1833
2038	1	2456
2308	1	1550
2191	0	726
218	1	1164
987	1	1742
1026	1	906
632	0	2340
122	0	1380
2519	1	2282
1522	1	1697
2466	0	212
1796	0	1898
665	1	2382
2414	0	2394
863	0	361
315	1	2077
1491	0	896
22	0	2258
964	1	2107
430	1	1842
2041	0	408
2301	1	1123
1028	0	2126
354	0	1655
46	0	722
1834	1	2281
1119	0	1443
2320	1	1549
2320	1	2004
1317	1	133
209	0	2128
1383	0	257
1750	1	2561
1488	1	1672
1187	0	1685
2037	1	1030
2056	1	411
1439	1	1407
887	1	1659
1045	0	723
1478	1	635
1923	1	2248
786	1	337
1026	0	2556
1390	1	2213
579	1	2334
2510	0	1399
2414	1	1249
2044	1	1533
1410	0	760
2200	1	2375
768	1	736
2368	0	1099
803	0	1974
1997	1	2022
292	0	2498
2490	0	2348
1371	1	2422
225	0	1303
993	0	1531
2403	0	1221
2391	1	1178
2246	0	1985
1227	0	1685
348	1	975
93	0	1681
533	1	196
12	1	2178
2036	1	45
2317	0	2123
477	1	90
333	1	1824
1714	0	1829
303	1	523
646	1	1247
264	1	1844
613	1	2080
2261	0	85
912	1	1926
1627	0	2127
663	1	1446
482	1	16
2085	1	777
987	1	1462
2014	1	2449
2264	0	170
759	1	2546
2536	1	780
786	1	2300
181	1	644
2564	1	2438
991	1	1963
792	1	1083
1001	1	2402
2139	1	2286
2463	0	1303
1997	0	323
264	1	201
2599	1	199
1797	0	2154
1722	0	247
1730	0	326
881	0	684
380	0	1060
1927	1	164
2309	0	2451
2191	1	336
340	1	1994
1940	0	459
106	0	2266
279	1	474
1689	1	1966
506	0	291
2095	1	2106
2565	1	1291
1013	1	599
2055	0	671
655	0	2069
128	0	1339
2597	1	1950
213	1	356
1193	1	2322
1213	1	1416
475	0	269
2224	1	1777
1311	1	510
1395	0	1260
2596	0	1220
2319	1	1180
1767	0	710
2186	0	2566
437	1	1695
1228	1	41
1211	1	667
2403	1	1626
1751	1	350
496	1	2425
1302	1	1787
529	0	2595
1090	1	200
18	1	1626
1608	1	781
1781	1	1652
1038	1	1526
2165	1	849
407	0	1726
162	1	145
1018	0	982
2215	1	483
576	0	1437
246	1	434
2170	0	2556
2319	1	899
1880	1	686
627	0	185
668	1	69
423	0	1744
53	0	1262
2338	1	2005
1066	0	1609
453	0	2343
881	1	2305
39	1	2209
1758	0	1726
5	0	1387
883	0	2012
389	1	127
1897	1	606
1338	1	2349
1574	1	1368
2458	0	1592
1927	1	2334
468	0	2241
631	0	1260
475	1	1285
1988	0	2273
1001	0	2138
526	1	967
2596	1	1735
2222	1	1205
1928	0	1622
2406	0	432
2186	1	1218
104	0	332
230	0	2247
2242	1	363
974	1	1401
1352	1	1682
1512	0	295
102	0	1029
1051	1	21
192	0	1350
1528	1	2351
717	0	2162
1469	0	1638
963	0	2493
2328	0	1012
1890	1	219
1045	1	1069
1217	0	19
2181	0	2063
1273	1	1651
1525	1	2578
95	0	970
1721	1	2091
668	1	9
991	1	820
2097	1	2489
947	1	2192
262	0	226
1701	0	1366
2601	1	1999
2073	1	1291
665	0	907
1080	0	603
668	0	257
1235	0	2110
160	0	2482
2585	0	1618
2026	1	521
625	1	114
669	0	1987
1765	0	1661
2583	1	1501
1509	0	607
284	1	2447
171	0	2021
246	1	1533
1901	1	2039
1119	1	1968
2169	0	2415
2320	1	1319
2099	0	2387
1095	1	1428
1699	1	2441
2072	1	1724
1520	1	841
1670	1	656
108	1	2187
1151	1	1939
1570	0	1192
338	1	1251
2580	1	1815
338	0	661
735	0	1264
2407	1	397
529	1	2518
2020	0	485
2147	1	2226
1570	1	2497
1653	0	972
433	0	256
2104	0	2445
1769	0	550
1654	0	1040
67	1	1122
1023	0	1660
261	1	1866
2040	1	240
472	0	891
652	0	381
1775	1	2336
236	1	851
2090	1	2076
14	1	750
1785	1	2345
1699	0	1506
320	0	1327
67	0	1554
625	0	2021
487	1	1361
272	1	2322
18	0	1221
53	1	1268
28	1	1555
963	1	1555
2395	0	618
1723	1	1872
1542	1	795
2327	1	1645
264	0	1161
688	1	130
2355	0	1414
1355	0	1875
794	1	237
2327	0	2035
56	0	1186
1324	1	11
2406	1	1816
1909	1	1197
688	1	245
1508	0	1684
2458	1	1906
974	1	771
2586	0	2298
1701	1	1904
224	1	1459
1975	0	1830
911	0	1664
1722	1	184
1975	1	1601
1520	0	1191
2285	1	394
2559	1	1568
915	1	409
303	0	620
1928	1	1412
407	1	116
931	1	1237
546	1	1635
1242	0	1455
249	1	1735
390	0	294
1871	1	1136
1478	1	1275
1896	0	1891
815	1	853
1927	0	2587
450	0	2130
1883	0	1817
465	0	2283
829	1	1272
848	1	1874
1058	1	138
2020	1	1791
1444	1	2383
498	0	1121
1613	1	657
2421	0	1916
1095	0	223
100	0	2496
2044	0	269
315	0	2123
1856	1	1954
696	1	1202
1511	0	559
997	0	293
1181	1	2075
843	0	2179
2211	0	1440
1290	1	1677
154	1	2178
1491	1	1824
738	0	811
1486	1	1405
280	0	295
2583	0	1254
2567	0	1483
1329	0	671
2222	1	37
902	0	1147
2032	0	1547
2149	0	2496
2072	0	1523
749	0	85
2193	1	2256
18	1	575
802	0	2060
1279	1	3
67	1	36
2316	0	7
1517	1	1814
1897	0	1426
2142	0	585
2105	0	8
1259	0	1622
524	1	70
596	0	2259
423	1	2225
1801	1	606
512	0	2505
696	1	2487
97	0	1646
1653	1	1671
977	1	2231
1624	1	540
318	0	1764
1329	1	2134
1015	0	368
1238	0	703
181	1	2402
2327	1	1490
2452	1	1833
63	1	940
1856	1	1175
379	1	2052
1674	0	1544
