1262	1	421
532	1	1225
4031	0	1271
3545	0	3932
291	1	1993
3116	1	3098
1820	1	1112
199	1	1399
2853	0	1249
1029	1	36
3400	0	2231
2491	1	2647
1175	1	168
1758	1	2770
1280	0	4150
534	1	1493
860	0	1114
830	1	1190
3610	1	1348
629	0	3138
2277	1	114
1078	1	3412
1439	1	582
3566	1	1766
880	1	3629
1616	1	3058
477	1	1512
1612	1	3208
2667	0	2330
4133	1	1403
3674	0	1080
1241	1	340
1078	0	1173
691	0	1791
1264	1	2908
1941	0	1366
3260	1	4000
2615	1	2744
3468	1	2318
3196	1	828
2265	1	227
2226	1	2335
1994	1	1645
2661	0	3580
1568	1	3113
3760	1	929
14	1	1633
3313	1	1145
2753	1	1522
902	0	1498
14	1	1125
3892	1	2457
472	0	669
1719	0	3663
1262	1	165
3250	1	2372
3649	1	1583
475	1	2854
2465	0	2931
3247	1	2126
199	0	2774
2582	0	493
1831	0	1814
2455	0	2602
2337	0	998
744	1	2244
1643	0	3965
80	1	1235
215	0	1924
2189	0	479
477	0	194
1258	0	3940
743	0	2534
2781	1	3036
1136	1	2345
1069	1	3224
1481	0	1856
1667	0	1401
2044	1	356
3640	1	932
2685	1	1041
3745	0	4004
2814	0	1748
1365	0	717
842	0	2548
1275	0	3909
3892	0	3590
1230	1	3409
123	1	3311
2781	0	2914
2557	1	1953
2545	0	4028
3510	1	2346
640	1	1470
1932	1	1605
2246	1	540
3945	0	1634
4077	1	2046
3702	1	4038
3284	1	3843
2668	0	3483
3698	1	3806
2238	1	3573
127	0	2734
650	1	1437
2847	0	2040
4137	0	239
2999	0	3419
2574	0	4156
3455	0	3511
208	1	2331
1379	0	1807
2398	0	812
1813	0	1482
1677	1	1377
1351	1	101
2334	0	2561
960	1	44
1018	0	367
3151	1	3128
4137	1	1950
3420	0	1615
282	0	1147
3651	1	249
2009	0	3138
2328	0	1734
3380	1	1025
3375	1	2828
906	1	1873
758	1	2064
3449	1	1154
2131	1	1052
121	1	3564
229	0	662
1214	0	3550
3557	0	2083
697	0	2501
3369	0	1073
3306	1	1544
1569	0	3330
1547	1	3766
3532	1	156
3848	1	2293
1672	1	2884
536	1	2156
1547	0	3332
2254	0	416
804	1	3327
3120	1	2575
26	0	1852
1333	1	3881
881	1	13
1464	1	3136
2658	1	1451
2334	1	2906
1796	1	2102
3195	1	3292
307	1	1122
3518	1	2488
2942	0	3723
1261	1	3272
3816	1	1067
1524	0	1947
1178	1	3040
1481	1	1139
1716	0	885
3200	1	2300
3545	1	2227
2270	1	1757
502	0	5
282	1	1112
1102	1	4075
2658	1	3492
2415	1	1112
3061	1	3944
3973	1	2214
2902	0	3865
1300	1	1291
1951	1	2186
2350	1	1142
2672	1	1606
944	0	3389
2670	0	1151
3674	1	2262
3669	1	1645
1580	1	3123
180	1	3819
1708	0	2485
3242	1	1680
148	1	125
1316	0	15
2582	1	3726
617	1	2716
1555	1	2062
512	0	454
1718	0	3735
142	1	2879
2502	0	1827
3620	1	4108
159	1	3343
3183	1	2402
3992	1	1886
2094	1	3109
3508	0	330
588	1	3552
3037	1	1544
3948	0	3222
4092	1	1081
2714	0	1930
2729	1	36
2694	0	1596
1998	0	2639
4154	0	1978
2248	1	2676
536	0	3584
43	1	3113
2454	1	2716
3421	1	2049
3848	0	3145
3312	0	3645
157	1	425
1845	0	2169
2081	0	1896
3815	0	912
3431	1	3342
1496	0	1607
666	0	3971
2242	0	526
3349	1	1793
1439	0	685
3350	0	2432
3957	1	2565
621	0	1423
1120	0	1341
1646	1	2426
3407	0	4136
1446	1	957
3033	1	444
1779	1	466
1029	1	2256
2792	1	2235
3289	0	970
3615	1	3399
1259	1	2424
1820	0	593
1379	1	715
2460	1	3758
310	1	3005
40	0	1733
3439	1	2666
1047	1	1058
3667	1	2804
3578	0	193
2901	0	1620
2193	0	1712
2360	1	1112
458	1	4056
2486	1	3376
1713	1	1979
34	0	1949
472	1	2211
326	0	978
1446	1	2749
3802	0	1211
3751	1	1536
4014	0	1016
3934	1	4033
3211	0	4022
1069	1	3629
2951	1	3202
3640	1	3857
3572	1	801
2961	1	3331
3867	1	3737
3460	0	976
654	0	1008
722	0	714
1613	0	795
3718	0	2
2583	1	651
426	1	831
3323	1	1833
960	1	3127
775	1	375
966	0	1124
1756	0	2207
3698	1	1671
269	0	2819
2013	1	3942
927	0	1401
3264	1	2015
1018	1	494
3397	1	3286
3035	1	2567
2198	1	1984
926	1	3246
191	1	540
3120	0	3175
2961	0	1535
2554	0	1205
380	0	2758
3859	0	3212
2422	1	3692
2117	0	3938
2658	0	2683
2295	1	3681
1276	1	2531
1752	1	3463
3697	1	2447
2778	1	3643
584	0	3367
3894	1	2577
369	0	1432
2429	1	1905
1407	1	530
2968	1	2072
3760	1	876
3824	1	2053
1552	0	2789
3884	1	2849
1385	0	1253
4116	0	1545
1245	0	3290
2622	1	1783
2451	1	2459
166	0	235
1898	1	3172
519	1	1417
3734	0	21
3505	0	2551
2545	1	3966
3047	1	2651
2782	0	98
414	0	1867
3046	0	3841
3152	1	2025
3539	1	1603
3930	1	2969
19	1	3845
746	0	1838
3178	1	3107
3740	0	1956
3000	0	3150
528	1	2353
695	0	3853
3413	0	2739
1578	1	1682
944	1	2051
474	1	3486
2948	1	1218
2568	1	3950
2929	0	1020
3069	0	1296
2646	0	3300
2509	1	1487
74	1	3281
55	0	3935
1285	1	3434
153	0	3419
2220	1	1598
3834	0	404
2562	0	3252
1727	1	639
3767	1	3832
3734	1	3854
1572	1	2595
845	1	967
3069	1	4134
3447	0	4122
1841	0	1360
1858	0	501
3562	1	985
1334	1	2421
1882	1	1645
2885	1	3714
4066	1	3053
220	1	2504
3816	0	2412
749	1	138
1789	1	1750
73	1	887
1060	1	2394
3753	1	1112
1955	1	2918
208	1	1112
4140	1	3611
3626	1	2617
762	1	3847
4118	0	1754
1891	0	2387
3639	0	2865
1851	1	2049
1045	0	3708
2712	0	829
1555	1	452
2101	0	3382
4032	0	1121
3537	1	3029
4123	1	1784
3997	1	3251
1643	1	1338
3805	1	1348
3513	1	4117
2448	1	2891
3852	1	2375
1049	1	1051
2466	0	4041
207	1	620
545	1	547
1319	1	3346
3503	1	901
1258	1	3685
507	1	2488
94	1	3493
1964	1	922
1586	0	3495
2325	1	2089
1778	1	1427
770	1	2608
1686	1	618
3712	0	4015
3189	1	2892
2360	0	1911
1034	1	3091
124	0	2876
385	1	3007
2101	1	1548
360	0	1556
19	0	1350
2259	1	3524
1825	1	3052
115	0	2739
3101	1	2393
3498	0	2587
3767	1	599
1026	1	292
2729	1	2256
2950	1	3567
1509	1	3316
2085	1	3588
1182	0	2569
2498	0	1177
3026	0	2141
1617	1	283
1479	0	2957
1855	0	3076
1349	1	2370
148	0	2440
1033	1	1525
163	1	824
100	1	91
3518	1	2128
2296	0	1949
1883	1	2495
2930	0	3191
1301	0	3017
2961	1	2019
3870	0	2271
3105	0	948
1175	1	1150
1060	0	499
1611	1	609
436	1	1736
2787	0	1543
1070	0	2571
3121	1	1846
1573	0	1868
3593	1	2647
1511	0	2165
3119	1	244
1508	1	3720
3698	0	3676
517	0	973
1614	1	1519
502	1	788
561	0	1483
743	1	1240
3377	0	4150
771	0	3226
691	1	2701
3919	1	3133
319	0	373
1772	1	3691
3362	0	2121
1533	1	2421
769	1	1139
3279	0	358
1215	0	1599
3350	1	455
3669	0	3137
3078	1	3087
2746	1	1522
482	1	3897
3026	1	33
3088	1	686
1300	1	1330
3086	1	421
310	1	780
1155	1	3066
1667	1	48
1611	0	3489
2644	0	2864
3575	0	3576
751	0	3583
2801	1	3828
3633	1	147
2719	1	3153
1378	1	1866
2650	1	2804
253	0	1099
567	0	1179
881	0	2298
35	1	2381
3284	1	3005
3216	1	3091
1100	0	1515
830	0	4023
1347	1	3368
1755	0	3114
2640	1	2402
2934	1	1538
1407	1	3118
1643	1	2064
3882	0	1920
64	1	2057
1334	1	2937
320	0	2433
2845	1	3782
4050	1	2158
3606	1	1849
2448	1	1036
3163	1	72
2498	1	3354
3385	0	2056
1837	1	1966
2759	0	3294
1509	0	2480
1477	0	1706
1562	1	4018
1445	0	196
3605	0	3481
1837	0	2846
604	1	3034
3385	1	2785
3926	1	1668
1508	1	2649
3839	1	2830
449	0	963
1324	1	3929
1273	1	574
3168	1	2049
1612	0	710
636	1	1242
2270	1	177
2399	1	2073
2513	1	3442
643	1	3821
1887	1	590
2928	1	1329
931	1	1139
2379	1	3485
583	0	1678
796	1	660
2292	0	3679
739	0	1814
1737	1	2854
2883	0	2113
2943	0	3959
1034	1	2338
287	1	2716
2665	0	2796
4128	0	1159
1718	1	212
749	0	2037
3668	1	3317
517	1	323
1655	0	3305
3	1	1963
527	1	576
759	1	2089
1091	0	3396
1489	0	3710
2909	0	261
708	1	3978
2466	1	1603
2020	1	1361
3303	1	3589
2055	1	226
2896	1	3664
2290	1	2966
1494	1	3487
418	1	668
3423	0	1037
772	0	285
3279	1	790
514	1	349
3825	1	3142
781	1	3985
1785	0	288
2157	0	1739
50	1	497
2558	1	4102
3562	0	3064
2991	1	552
2059	1	2188
2075	1	3699
2502	1	1092
1752	1	134
823	0	2061
3506	1	3328
0	1	2962
915	1	1422
2001	1	1945
1616	1	1972
469	1	2510
1064	1	3780
297	0	1515
1883	0	2213
3140	1	933
1829	1	3721
2974	1	1263
1004	1	186
2154	1	1373
1819	0	396
3851	0	3752
2901	1	2135
252	0	1327
896	1	1059
1980	1	773
2810	1	1948
1803	0	2573
3742	0	2428
2932	1	1724
3667	1	2702
782	0	4063
14	0	2552
2398	1	3199
233	0	1865
3383	1	3795
1812	1	3338
2131	0	1658
4124	0	2388
2901	1	3786
1970	0	2234
4147	0	2707
2273	1	3245
3715	1	3493
2991	1	3958
151	1	1149
229	1	1528
559	0	362
641	1	878
3361	0	1137
307	1	2690
3369	1	2179
47	1	2171
145	0	778
2147	1	783
2285	0	961
1261	1	992
3773	0	492
2778	0	443
1408	1	1968
3458	0	3237
1344	1	3182
2782	1	4089
2445	0	1389
476	1	2240
320	1	1645
1580	0	271
4113	1	2289
1364	1	3157
1204	1	866
2725	1	321
671	1	2172
1553	1	1523
2226	0	3351
1891	1	1268
842	1	3628
342	1	2905
2713	0	3706
3867	1	1294
2168	1	3012
1939	1	2849
2479	1	1704
1351	1	2393
2680	1	2676
3539	0	1987
1727	0	1359
3106	0	312
3707	0	703
3457	1	1626
877	0	702
3099	0	936
2961	1	3174
756	1	2594
3250	1	214
136	0	3941
4105	1	1689
557	1	190
1011	1	2691
3566	0	1912
1713	1	3180
2601	1	2243
930	1	92
3043	1	3729
1435	0	2693
3516	0	3345
2600	0	1031
3521	0	2470
243	0	809
1045	1	2018
1670	0	4078
359	1	130
3791	0	826
228	0	4
1534	0	3341
2355	0	3784
2681	1	1577
2092	0	2017
3379	1	2324
3926	0	67
3015	1	1112
3695	1	1948
2795	0	2110
1229	1	2166
583	1	1979
1002	1	3794
2168	0	221
1320	1	317
1863	1	2250
3675	1	2211
2021	1	2599
642	1	1916
1995	0	2213
1903	1	2575
2496	1	3976
3039	1	2899
49	1	3411
2497	0	3466
2187	1	750
2797	1	3990
3433	0	56
1212	1	3469
3360	1	1172
3725	1	213
3215	1	1519
899	0	2417
3818	0	2823
563	1	3893
2456	0	3209
1885	0	3999
782	1	2446
4097	0	3028
353	0	2408
3106	1	144
1961	1	1143
1047	0	2886
4006	0	2941
207	1	562
490	1	2529
3771	0	1252
2337	1	1472
2248	0	2718
628	1	1914
2212	0	314
1616	0	388
3205	0	1458
2216	1	3804
883	0	3013
1661	0	1564
1261	0	2682
1772	1	3601
3306	0	217
1246	0	2743
804	0	2945
680	0	1455
654	1	3117
1354	1	1188
469	0	1651
565	0	3866
1831	1	1915
2059	1	38
2099	1	3109
1938	0	2553
1275	1	3860
1319	0	336
467	1	3696
1580	1	273
3992	1	2318
2593	1	3509
1088	0	1921
1241	1	3256
2006	0	3065
1685	1	2937
1382	1	2215
2328	1	1132
207	1	2294
2100	1	913
2502	1	491
2041	1	2636
1894	0	2487
3071	1	1517
2185	1	2149
228	1	2181
472	0	2482
1981	0	3209
1174	0	1196
3461	0	1556
1101	0	3030
394	0	2432
1558	1	1637
4131	1	2529
3776	0	760
2361	0	806
1322	0	703
2091	0	867
3585	0	3108
2897	0	994
1612	1	747
1935	0	987
1311	0	314
874	0	1864
2100	0	834
3413	1	1061
287	0	2309
3698	1	623
2024	1	2073
2977	0	1447
1591	0	3164
1581	1	3091
3582	1	2384
2629	1	357
1368	1	290
3762	0	2570
1257	1	3291
2011	1	188
2523	0	352
3859	1	1132
2400	1	3403
4152	1	1942
490	1	1516
3312	1	1370
1204	0	137
2133	1	2527
183	1	967
2801	1	3655
2054	1	3611
1662	0	3072
3250	1	1884
3011	1	2072
1562	0	709
344	0	1927
1135	1	3711
1029	1	57
34	1	941
3834	1	1642
470	0	1199
4140	0	2317
2786	0	1992
4128	1	791
1618	1	4108
3640	0	2822
663	0	2221
4008	1	3391
3582	1	54
999	0	615
2467	0	2299
1524	1	4024
2633	1	1681
42	0	2074
259	1	11
3067	0	1127
2228	1	2070
1070	1	907
43	0	3962
1758	0	1638
544	1	1584
2407	0	223
1184	0	3139
3753	1	909
2187	1	1975
3047	1	3638
1034	1	3426
2276	0	1108
3349	1	295
208	0	2819
360	1	686
1349	0	2848
1955	1	450
306	1	2359
2084	1	2873
3953	0	107
3661	1	639
1029	1	2863
3926	1	2511
1029	0	740
2919	0	2191
3131	1	2409
3506	1	3662
2257	0	3885
2554	1	350
2948	0	2385
3213	1	3188
1980	1	1633
4032	1	2142
1129	0	2957
2366	0	1009
628	1	1453
342	0	3014
921	1	1663
4065	1	601
2041	0	1323
1961	1	4138
3303	1	1158
2539	1	2478
2081	1	3113
35	1	2132
804	1	463
4014	1	1816
3335	0	2288
2530	0	3876
1810	0	905
342	1	1453
3730	1	2267
2644	1	16
4132	1	3094
3044	0	2108
1890	1	3428
735	1	2555
626	1	2626
2160	1	439
1054	0	196
1446	0	3769
3241	1	3617
3568	1	4055
4068	1	2852
2170	1	1213
3362	1	1132
2045	1	2762
3045	0	3528
2133	0	2572
1473	0	2310
3121	1	3960
2358	0	2396
1591	1	1348
736	0	3841
2919	1	1530
3344	0	1226
3350	1	232
3462	0	3408
3273	0	673
171	0	2874
2543	1	3422
2604	1	4085
1581	1	2338
756	1	1098
2307	1	168
3715	0	2047
3578	1	1057
1998	1	793
1339	1	3989
2192	1	1804
2364	1	980
1580	1	1871
1358	1	1402
2956	1	1203
3033	1	368
3171	0	387
3652	1	3509
975	0	3792
426	0	3161
3627	1	83
3894	0	1501
3502	0	1342
762	0	1133
3559	1	3922
2100	1	3785
50	0	4016
1572	0	1749
279	1	993
761	0	1640
2838	1	2630
2975	1	808
1465	0	1933
1162	1	2579
86	1	1605
1467	1	1095
100	1	4071
1699	1	438
516	0	2898
700	0	3895
2369	1	1518
3753	1	348
2307	0	383
1161	1	1478
1297	1	3747
3712	1	1526
3461	1	3916
3667	0	3970
3365	1	1112
3705	1	2927
1621	1	3073
845	1	1747
3753	0	543
3953	1	1244
2810	0	1925
3767	1	2869
344	1	1928
2725	0	2611
2100	1	531
2493	1	118
1803	1	788
1119	1	3257
3615	1	1726
3229	1	3075
394	1	455
765	1	3281
55	1	2049
1919	0	2476
3168	0	3935
849	1	346
1913	1	1590
418	0	946
3378	1	3471
2838	0	2858
3301	1	2418
3934	0	2476
2578	0	2540
1436	0	973
2729	1	57
1229	1	820
243	1	720
591	1	3794
2352	1	564
1103	1	1227
3468	0	387
2844	1	2468
310	1	3843
3101	1	101
2956	1	3622
153	1	1948
1996	1	738
3923	1	788
335	1	1520
1893	0	810
163	0	288
2668	1	3613
1311	1	2306
2775	1	3472
3314	1	3563
4082	0	3642
2401	1	1165
458	1	3185
1870	1	2979
861	0	2561
1000	0	1575
1558	1	991
2358	1	3240
385	0	419
2147	0	1430
3431	0	1908
2127	0	3499
1200	1	225
3877	0	110
3470	0	1233
3957	1	2362
3152	0	2984
3867	1	679
3503	1	1532
3086	0	501
265	0	3298
2729	1	2863
4143	0	905
2816	1	1976
2729	0	740
698	1	3268
409	0	1009
546	0	1571
3247	0	3481
3377	1	2161
2257	1	3204
3196	1	213
1662	1	487
1276	0	457
827	1	730
2729	1	2093
630	1	497
2246	0	20
2779	1	423
364	0	411
3791	1	3143
3223	0	1423
3761	1	3625
3693	1	3217
2153	1	2184
1713	0	1678
3957	0	799
2277	1	2893
671	1	2747
604	1	2010
2438	1	1232
769	0	818
1468	0	2980
1980	0	2552
2493	1	3146
1246	1	1700
923	1	1272
1187	1	246
3243	1	1550
3397	0	1959
3151	0	420
1497	1	2880
614	1	321
2425	0	2377
1593	0	3915
3698	1	1506
2134	0	1438
4146	0	1912
758	1	2954
2620	0	3307
3875	1	2537
3815	1	3671
1527	1	2034
3152	1	1338
944	1	4009
2454	0	1551
583	1	3180
3178	0	1629
2198	0	1684
3818	1	1094
1029	1	3964
2328	1	4115
1463	0	4153
2050	1	2347
395	1	1840
2031	1	4139
1273	1	1052
2031	1	1765
4037	0	3728
121	0	2388
700	1	2893
604	0	873
2951	0	1852
359	1	370
3753	1	2156
1974	1	1603
854	1	1066
3288	0	1005
1069	1	241
1490	1	3417
2860	1	3218
3213	0	3255
208	1	2156
1753	1	1878
617	0	1780
333	1	2063
3518	0	1166
279	1	2512
944	1	3203
4100	0	2739
3908	0	1183
2097	0	1014
545	1	216
335	0	1588
975	1	3522
1794	0	1189
4131	0	2872
3088	0	1556
3035	0	1675
3038	1	1869
2033	0	987
2117	1	2320
1207	1	2706
2436	1	231
1826	1	1731
2714	1	2340
643	0	1254
1619	1	4055
3015	0	197
2582	1	2621
3778	0	51
3572	1	2841
3418	0	3694
1434	0	3027
2085	1	2327
3333	0	3065
864	0	3466
2411	1	705
3542	1	2585
1385	1	1110
1485	0	3103
823	1	3412
3433	1	2490
2484	1	3658
2119	1	2996
2629	0	1690
2270	1	2992
3102	1	1909
2390	1	3441
1336	1	3113
127	1	1118
3149	0	965
4109	1	3854
1839	1	1725
440	0	3861
1847	1	3454
1186	1	428
2622	0	4106
4077	1	1609
359	1	3849
1333	0	3527
507	1	2348
3649	1	1152
486	0	2175
1197	1	2462
4064	1	1653
4027	0	347
3661	0	1359
2292	1	1030
1473	1	1990
1971	1	4074
1126	0	2623
12	0	2726
3839	1	1198
698	0	3166
739	1	1915
1594	1	1836
259	1	1010
3443	1	2912
1955	1	2925
456	1	523
2496	0	4022
301	0	1397
3586	1	2477
3870	1	2449
3505	1	3425
1477	1	3269
2060	0	131
3106	1	1185
2696	1	406
2633	0	1740
4101	1	3854
2160	0	3768
1316	1	3091
2360	1	3266
2285	1	1943
3449	1	1656
3	0	3846
3195	0	2587
1355	1	3783
2825	0	1641
1774	1	3733
1460	1	3031
2619	1	2791
2041	1	1308
2144	1	3787
1107	0	1664
937	0	4029
3284	0	3846
2877	0	1340
3654	0	1236
2210	1	4095
3660	0	3865
3502	1	1386
1060	1	3185
1980	1	3635
1778	0	2851
3335	1	2376
2844	0	2440
360	1	3951
2455	1	374
1049	1	2269
1217	1	1348
1573	1	2967
860	1	3631
2968	1	3641
345	0	1193
2991	0	2206
276	0	1055
2719	1	2944
2713	1	3787
3697	1	108
1156	1	328
3530	0	3405
3627	1	3858
371	1	2671
49	0	3230
191	0	20
2281	0	1807
3362	1	4115
2735	0	1693
1175	1	2105
2600	1	2260
1585	0	818
3852	0	3110
3686	1	4035
606	1	1603
603	1	1657
1333	1	2985
568	0	2026
3020	0	3808
2753	0	3197
3189	1	3564
2667	1	2824
3198	1	1603
2615	1	2305
392	0	3465
2867	1	2550
301	1	897
3121	0	1842
2729	1	3964
2655	0	325
2719	1	2704
2847	1	4059
207	0	382
1593	1	2591
2163	0	3886
3102	0	1707
3455	1	1866
2270	1	2461
2509	0	343
3680	1	548
817	1	3412
3321	0	288
2022	1	1650
2728	0	2926
1932	1	718
274	1	3075
344	1	1337
4107	1	879
1119	0	578
2112	0	432
2929	1	1652
145	1	3041
1659	0	3001
3450	0	1017
1301	1	260
3930	1	327
2279	1	3113
3439	0	704
26	1	1623
247	0	3752
3705	0	1830
9	1	3813
3318	1	2589
3026	0	3917
814	1	2278
3683	0	1983
819	1	1059
2390	1	968
299	0	802
1811	1	3055
2618	1	1691
334	0	1075
2660	0	2383
1101	1	3641
1570	1	995
3911	0	284
410	1	1668
1428	1	1418
1862	0	2463
3420	1	3555
3977	1	1134
3216	0	3100
3606	0	3581
171	1	777
1316	1	2338
3308	0	32
2390	1	3016
2296	1	941
1064	1	1671
1035	0	3763
507	1	4003
1049	0	1666
692	0	748
3545	1	3770
2654	1	2882
3725	0	594
1106	1	2002
722	1	2765
2902	1	2410
1280	1	3551
1589	0	331
1944	0	2715
3242	0	3797
1241	1	3659
860	1	2324
3470	1	1645
14	1	2546
73	0	4114
3141	1	2302
3745	1	1409
2904	1	3681
1971	0	1315
3693	1	3478
3880	0	3302
3816	1	1192
1555	1	1278
1889	0	483
1998	1	397
969	0	2239
2922	0	3032
1034	0	1256
1270	1	855
2786	1	3467
2193	1	3281
1162	0	1582
2692	1	2987
763	1	879
751	1	3428
3548	0	1251
628	1	1123
3559	1	1669
3824	0	2177
955	1	1476
3355	0	3023
342	1	2679
3124	1	2014
3697	1	1234
2228	0	2780
1358	1	322
861	1	2263
1672	0	2890
648	0	1694
1612	1	4053
3762	1	93
507	1	3194
3265	1	3192
120	1	2249
2614	1	3632
1358	0	986
3044	1	2829
796	0	2822
2492	0	728
3510	1	3817
3767	0	3302
2075	0	3969
308	1	3612
2503	1	1835
74	0	1395
3193	1	3219
2399	0	489
2523	1	2027
3407	1	3757
2674	0	4044
2930	1	3898
1752	1	1090
782	1	93
2366	1	918
579	1	2324
2364	1	4127
319	1	1872
1870	1	4075
2558	0	3994
1054	1	3788
2265	0	1597
3837	0	1023
204	1	2115
371	0	1949
4005	1	3787
1898	0	312
3355	1	1876
207	1	852
1475	0	41
643	1	289
3627	0	2481
1178	0	1404
617	1	1904
1570	0	3703
4113	1	3129
2425	1	3063
2117	0	2023
2802	1	3635
2517	1	202
2430	1	1869
3267	1	851
1194	1	522
614	0	2611
2857	1	3036
1270	0	104
3868	0	3739
3537	1	349
2406	1	2979
3568	1	2624
2637	1	379
2901	1	401
3816	1	910
966	1	1096
2975	0	2444
183	1	1747
604	1	286
4037	1	3898
3380	0	3670
1212	1	3641
3095	1	1142
1643	1	2954
2366	1	3271
2216	0	2888
744	1	63
955	0	3325
3742	1	3091
3276	1	4130
3116	0	3341
1426	1	3180
2154	0	312
14	1	4025
2422	0	3474
3502	1	2986
2714	1	1910
2956	0	1307
3762	1	3553
2720	1	3291
1898	1	144
2665	1	441
394	1	232
771	1	2608
2645	0	3523
68	0	1822
1485	1	1523
675	0	2684
2727	1	3184
2735	1	3644
1851	0	1014
259	0	1210
1408	1	2149
1887	1	964
3126	0	3956
1890	1	3225
2677	1	2065
568	1	843
827	0	2516
209	1	1139
1604	1	1138
1102	0	3255
614	1	3937
3825	0	3917
2593	0	3176
640	0	419
4050	1	1220
1764	1	3125
2530	1	637
1877	0	3970
24	0	1947
2328	1	1952
4011	1	3981
1382	0	3262
1553	0	3103
1579	1	2524
338	0	978
1829	0	1328
282	1	1086
3593	0	2475
3078	0	3996
1004	0	1960
1084	1	3092
2467	1	3004
3575	1	2887
1155	1	888
3695	0	1023
3557	1	1025
408	0	2763
1375	0	2519
24	1	2862
354	0	3768
758	0	3965
410	0	67
2021	0	2532
1752	1	488
3572	0	3811
3554	0	805
2270	1	1561
567	1	894
2620	1	4134
3805	0	1880
3020	1	2963
3473	0	2450
1971	1	2247
2506	0	1636
789	0	2533
4128	1	2098
3039	0	1400
1011	1	3879
304	0	616
1611	1	3376
1200	0	1814
2022	1	3068
3928	1	525
1699	1	3524
891	0	3239
1811	1	3085
3548	1	3113
3457	0	104
3131	1	3947
2205	0	3741
3690	0	1660
768	1	644
3503	0	3810
1628	1	939
2802	1	4094
2508	0	81
2658	1	2000
1558	0	3982
1612	1	3800
305	1	3838
1414	1	4020
2443	0	3459
3963	1	3717
4154	1	3154
447	1	3561
1000	1	53
1877	1	1391
3284	1	3444
3767	1	3277
319	0	3348
1628	0	2141
3873	0	3918
507	0	977
751	1	2518
14	1	3635
891	1	3840
1815	1	2891
1798	1	1681
311	1	3821
1946	1	2043
528	0	1808
3514	0	3820
2429	1	1140
3542	0	367
622	1	1781
854	1	2970
3928	0	917
3378	1	4145
1721	1	836
4011	0	4090
1119	1	2232
2900	0	3982
3620	1	37
1774	1	3812
653	1	2800
2517	0	483
1331	1	3553
3742	1	2338
3824	1	734
519	1	1742
2614	0	687
3447	1	3390
3187	0	2368
1270	1	398
988	1	77
42	1	2756
1628	1	33
2696	0	655
1266	1	3181
306	1	1424
308	0	2239
1382	1	2588
1286	1	1639
4034	0	952
2100	1	3238
650	1	1058
2900	1	1637
1469	1	85
2692	1	2947
2503	1	302
152	0	3221
1579	0	3483
2392	1	711
301	1	903
2633	1	590
111	0	1624
1954	1	701
1419	0	2239
1770	0	1413
1839	0	3050
1029	1	2939
1039	0	3560
46	1	2529
3974	1	1997
3518	1	3714
707	1	2528
2655	1	1692
1985	1	2979
2292	1	1085
40	1	1292
257	1	3899
3033	1	1148
2437	1	3524
3322	0	1539
3873	1	17
299	1	3207
1410	1	2419
677	0	3244
4066	0	1074
1221	1	357
990	0	3452
536	0	1471
1429	1	2457
1304	1	105
1217	0	2326
507	0	627
3046	1	1768
3979	1	3066
1563	1	3531
1410	0	2768
1772	0	205
1269	1	439
3156	0	2433
2437	0	3175
3131	1	1072
3430	1	3304
2355	1	431
731	0	4007
1524	1	2862
2689	0	1248
3205	1	3538
2411	0	2396
1406	0	2750
3086	1	165
2253	1	3912
2415	1	3401
640	1	3007
2689	1	2129
115	1	1061
1429	0	3590
326	1	4102
635	0	2197
309	0	2472
675	1	3472
657	0	3114
1770	1	2730
1761	1	3428
2079	1	556
403	1	2711
2032	0	3597
2279	0	3546
2276	1	1062
458	1	4087
3421	0	1531
1955	1	2375
1794	1	466
3141	1	1452
1406	1	2171
2678	1	3220
3532	1	1500
1619	1	2624
2959	0	2095
1445	1	2866
2441	0	3081
573	1	2431
3196	0	594
1573	1	935
269	1	2156
3093	1	78
3400	1	296
1115	1	2920
2903	1	30
3037	1	2664
3407	1	882
2137	1	904
2013	1	4120
1344	1	1371
755	0	3904
2291	0	2662
2153	0	2432
1986	0	4076
2615	0	2222
2877	1	3634
2022	0	1087
1579	1	3613
1555	1	1787
536	1	1112
1044	0	1357
3859	1	1118
2097	1	2049
2084	1	3746
4146	1	1644
2727	0	2039
243	1	2416
2456	1	1854
1580	1	3485
4105	0	1690
4062	1	1795
3365	1	2156
2685	0	3013
2870	0	365
2112	1	4058
1281	1	3434
3660	1	2410
3542	1	494
1938	1	2067
35	0	65
2578	1	2380
1364	0	511
4147	1	3441
3973	0	3160
2119	0	2169
3198	0	2997
3673	1	3070
1462	0	760
1461	0	358
345	1	3625
3649	0	754
2956	1	1238
3610	0	919
1955	0	3110
1801	1	3685
2403	1	2812
544	0	3173
3011	1	3641
2610	1	705
4152	1	1540
3003	1	2840
2566	1	2978
621	1	1076
467	0	2363
2059	0	4110
1685	1	2421
1300	1	3463
1555	0	3002
2407	1	1097
3261	1	341
1258	1	2139
3979	0	485
124	1	3845
3953	1	1393
66	1	2313
1339	0	943
2820	1	741
3871	0	495
3554	1	3646
1939	0	829
796	1	932
3955	0	2301
3156	1	1645
2604	1	3214
337	0	3496
1038	0	3059
3700	1	1362
1104	0	2953
310	0	3846
3440	0	1180
2134	1	611
2895	1	1519
2609	1	3765
761	1	2626
954	1	2849
359	1	813
1156	1	4039
152	1	2367
1396	1	3829
1207	0	2635
3963	1	1600
1863	0	3371
1670	1	803
2406	1	4075
2144	0	1607
3816	1	3618
4096	1	2613
3395	1	2647
1054	1	4073
3767	1	2077
3734	1	3794
837	1	3130
608	1	1728
123	0	1888
1376	0	1694
2361	1	3565
3516	1	2315
1100	1	595
1569	1	292
1129	1	1068
1286	0	1053
3753	1	3401
575	1	3280
166	1	90
3178	1	1478
914	0	1466
1064	1	623
880	0	1818
647	1	4080
2364	1	4043
469	1	2751
2248	1	3235
3749	1	2219
1488	1	2049
4129	1	3286
26	1	2421
707	0	509
80	1	3291
1382	1	2413
928	1	3412
1344	0	1
3997	0	1542
3308	1	3598
2091	1	1744
433	0	3915
1230	1	665
3653	0	826
94	0	2047
3254	1	1603
1383	1	1402
1326	1	1079
1468	1	2560
1761	0	4057
757	1	3850
1035	1	1312
648	1	3234
3776	1	1881
2322	0	3931
2900	1	991
3545	1	2818
2976	1	1227
2657	1	1704
1109	1	4149
2901	0	3924
1161	1	596
532	1	3544
2277	0	1927
4084	1	2049
2779	0	3274
2210	0	222
2199	0	3798
2125	1	1057
3889	1	1966
3250	0	3080
2878	1	415
1815	0	2940
2607	0	812
248	1	1440
1411	1	2676
1326	0	3424
1104	1	1237
1961	1	2843
3449	1	1717
1789	0	3609
3206	1	581
854	0	2148
545	0	1922
3852	1	450
3892	1	1318
395	0	2272
2096	1	2794
3301	1	3006
2929	1	3174
3521	1	1674
3288	1	1289
1215	1	2626
1325	0	2218
1316	1	293
4119	1	706
1727	1	2769
3868	1	3467
1941	1	2808
2366	1	725
111	1	2194
649	0	2241
3867	1	2336
1325	1	1492
2712	1	2849
0	0	3416
256	1	3943
9	0	1176
1170	1	2313
1100	1	911
252	1	112
758	1	1897
3432	1	3748
3725	1	2087
602	1	1603
2609	0	875
555	0	1640
1414	0	496
1082	0	1317
219	0	1694
297	1	595
1820	1	2156
2911	0	1640
304	1	1688
3289	1	3988
2187	1	715
586	1	689
2722	0	1929
4006	1	1224
955	1	3054
1365	1	1514
178	0	1298
4146	1	1982
636	0	2058
1857	1	1168
162	0	656
4121	1	4148
2208	0	2440
772	1	3113
1319	1	372
2896	1	3159
1898	1	1185
1557	0	1380
2500	0	430
1589	1	767
2013	1	2973
2434	0	2310
2667	1	4056
1937	1	898
274	1	1314
2539	1	844
3276	0	2766
364	1	1639
1035	1	2332
3790	0	2669
2352	0	221
1157	0	3935
847	0	3528
2443	1	1169
2650	1	2702
1383	0	3986
1727	1	3122
792	0	96
4131	1	1415
159	0	1714
434	0	1416
770	0	1317
1913	0	2042
2990	1	1149
1756	1	3823
796	1	3857
602	0	2111
1951	0	59
3423	1	2314
2136	1	185
1259	0	2470
3936	0	1087
1129	1	2028
2787	1	3678
1954	1	150
0	1	2316
1245	1	2833
3088	1	3951
1686	0	1679
1351	0	2196
1354	1	1367
3360	1	2069
722	1	126
1721	0	4079
1974	0	1283
1566	0	1381
619	0	3489
515	1	465
1230	0	1576
1821	1	18
3506	0	869
1475	1	3524
1937	0	4093
2242	1	2088
2506	1	1805
3254	0	3340
2878	0	816
2530	1	1559
1303	0	378
3265	0	786
219	1	2972
1811	0	4051
1985	1	4075
1508	0	363
1229	0	1151
1408	0	2881
1894	1	3248
1126	1	3336
162	1	3144
2646	1	272
2479	0	2933
354	1	1979
2960	0	2086
553	1	3089
737	0	1457
2543	0	58
4027	1	187
1649	0	2333
160	0	1895
297	1	911
2637	0	2522
2601	0	1416
1469	1	7
1300	1	134
180	0	2405
4008	0	889
2619	0	2916
588	1	2965
635	1	2258
3215	0	3115
1970	1	989
2277	1	1928
3844	0	2807
1604	1	2286
2360	0	2628
2242	1	3688
2264	1	585
3807	1	2244
265	1	2504
2802	1	1965
1419	1	3612
708	1	2453
765	0	1395
880	1	241
1862	1	815
1585	1	1645
433	1	2591
1194	0	3541
199	1	2458
3673	0	550
129	1	2626
2391	0	818
3418	1	2616
3771	1	103
3061	0	3042
3948	1	3415
1155	1	2688
1719	1	2378
338	1	4155
342	1	4072
1819	0	4141
960	1	974
2499	0	1352
652	1	3980
2629	1	3329
650	0	2886
106	0	2218
3037	0	200
2509	1	3296
896	0	1093
2295	0	2603
174	1	1999
628	1	2507
2464	0	1504
1129	1	1892
3521	1	2424
1303	1	1505
106	1	1492
1459	1	821
3653	1	738
151	0	3084
282	1	2156
2438	0	1423
2825	1	3477
2094	0	141
3807	0	1537
2085	0	1817
1201	1	971
3491	0	1856
3571	1	2514
1136	0	3607
2050	0	201
1570	1	2648
2050	1	2488
3928	1	1362
2252	0	1005
1164	1	2755
1944	1	2526
2307	1	924
944	1	1676
3668	0	453
2117	1	3387
2832	0	2750
1659	1	75
270	1	2809
2225	1	242
3260	0	2068
2202	0	1899
2242	1	503
2805	0	329
3111	0	3065
969	1	435
1048	0	89
3323	0	3237
1354	0	3623
80	0	3914
1563	0	388
1770	1	598
3163	0	1015
3526	1	3058
3468	1	2852
2832	1	2171
2856	1	1603
579	0	1697
1064	1	1506
647	0	23
3314	0	2386
4124	1	3905
2724	1	3862
1374	0	1542
1281	0	1001
2055	0	4090
1918	0	508
3633	0	2721
390	0	416
684	1	1203
1699	0	1249
3375	0	4063
2797	0	3366
997	1	3125
645	1	1227
1594	1	4042
1646	1	590
207	1	1105
1809	0	3191
2593	1	2852
86	1	718
3933	1	2716
680	1	4135
490	0	1279
684	0	1007
2360	1	2156
908	1	3574
1980	1	2546
4126	0	3716
270	0	1695
1475	1	3925
2259	1	438
4133	0	1531
2491	0	3716
3977	0	1515
1459	1	3019
3963	0	3324
3851	1	245
1489	1	203
2983	0	3008
1752	0	4052
3945	1	3814
255	1	2351
2050	1	825
832	0	600
52	1	1338
908	1	592
1297	1	1567
603	0	2687
4096	1	1456
726	1	1433
4099	1	1510
4077	0	3902
1562	1	2839
1214	1	1860
1964	0	31
1570	1	3083
2720	1	3600
677	1	984
1887	0	3596
926	0	60
2948	1	1906
1994	0	2241
3101	0	670
3911	1	2004
2103	1	894
1464	0	3305
3273	1	1853
2374	1	211
3968	1	251
4082	1	3540
3349	0	3283
3378	1	2700
1708	1	2698
1618	1	37
1752	1	1291
1421	0	2173
2805	1	176
1187	1	2697
2003	0	2450
2513	0	1763
4050	0	1760
2793	0	1080
3718	1	258
2392	0	27
1617	1	564
4154	1	1384
2379	1	3079
2955	0	2708
3654	1	2304
2434	1	1990
3349	1	884
3140	1	2917
2667	1	4087
403	0	3515
3445	1	1346
353	1	2335
684	1	3622
737	1	1600
2820	0	2848
1857	0	1332
3383	0	3619
1047	1	1437
3852	1	2925
2281	1	3253
2677	1	3863
3236	1	613
749	1	2423
736	1	1768
1622	1	945
3815	1	4010
874	1	3500
3379	1	2747
2143	0	3836
1533	0	1852
561	1	1850
257	1	3258
899	1	1306
1995	1	2495
755	1	2311
2415	0	2343
1903	0	41
3430	0	972
1083	1	807
1161	1	3608
3506	1	1940
3627	1	1394
2610	0	2396
2212	1	2597
666	1	2608
3033	0	1131
3189	0	2388
2710	1	2880
46	1	4054
475	0	154
1060	1	3494
1566	1	2537
1826	0	3756
2604	0	3210
1980	1	4025
629	1	962
2119	1	422
2896	1	1705
408	1	4040
3458	1	1833
538	1	85
3196	1	2087
3003	1	1290
1643	1	1897
1812	0	278
307	0	3906
3241	0	69
1755	1	3907
3923	0	3347
3106	1	1799
1497	1	2319
1421	1	266
3060	0	2178
1048	1	2742
4112	1	2982
1322	1	290
521	0	2104
1375	1	188
2793	1	2164
563	0	1504
1157	1	1403
3877	1	605
521	1	2266
2942	1	2563
2099	0	141
4101	0	797
516	1	3799
603	1	1343
573	1	1647
1334	0	2673
3867	0	300
1011	1	446
3707	1	3132
752	1	958
557	0	2035
3532	0	1028
2212	1	62
1383	1	322
2136	0	3027
3880	1	676
2163	1	2489
3233	0	3148
140	1	2080
3183	1	1437
2625	0	1274
2959	1	2889
572	0	2547
1608	0	3949
1376	1	3234
2837	0	2642
1000	1	184
575	0	3621
2045	0	3872
1845	1	2996
2264	0	3656
1552	1	2850
1661	1	3952
915	0	3890
291	0	2030
132	0	88
3420	1	1499
3975	0	173
2170	0	2536
385	1	1470
646	0	448
2644	1	1206
136	1	664
1336	0	3888
2052	1	3486
174	0	2915
2400	0	2822
2802	0	1277
274	0	179
2492	1	3453
925	0	940
1474	0	1298
1426	0	3768
1565	1	366
2328	1	2397
1043	0	956
559	1	953
645	0	2048
207	1	554
1958	1	3412
1798	1	590
2650	0	3970
3106	1	1195
2932	0	4122
1182	1	2861
1825	1	2761
1764	0	1630
2033	1	3094
1276	1	2167
400	1	2469
3602	1	1802
682	0	4090
757	1	146
1141	1	2703
848	0	1233
3816	1	2145
3285	1	1549
2277	1	1337
1570	1	3177
1810	1	1202
758	1	1338
1813	1	3717
1103	0	732
572	1	3104
1855	1	1171
418	1	4002
2059	1	2776
2856	0	1957
3652	1	2852
921	0	2652
2530	1	1900
392	1	1990
257	0	1664
1775	0	3402
3124	0	3637
859	0	2515
2598	1	1216
3700	1	525
3195	1	313
2607	1	3199
482	0	2790
527	1	1209
2885	1	2488
1961	0	4104
2229	0	61
4116	1	1077
1267	1	601
2448	0	2940
1459	0	2799
3740	1	3677
3321	1	824
2740	0	3999
3264	0	729
3449	1	1828
1259	1	1674
301	1	2384
95	1	3394
2539	0	633
1701	0	3446
930	0	786
537	0	3448
695	1	4013
2574	1	658
2670	1	2993
1439	1	2268
1262	1	1032
606	0	1449
1958	0	764
3700	0	917
3510	1	1541
2775	1	3049
3071	1	3029
3111	1	3358
1039	1	2717
400	0	1665
2566	1	3436
2195	0	3056
204	0	1901
1831	1	863
354	1	3180
2006	1	1736
800	1	2981
1479	1	206
3661	1	2769
604	1	886
380	1	879
3048	0	580
519	0	1859
307	1	3604
3479	0	2151
2369	1	3057
647	1	76
3873	1	1495
4062	1	1223
1174	1	1027
4112	1	3309
301	1	54
545	1	2339
1175	0	2813
692	1	1806
2237	1	2140
2350	0	3550
3060	1	3169
2493	0	2282
532	0	839
744	1	39
162	1	2764
2100	1	1153
1297	1	1546
3554	1	2236
1628	0	3917
680	1	3921
3334	0	721
2379	1	3123
2122	0	1587
369	1	3207
2802	1	3475
1002	0	442
3516	1	870
3200	0	3160
1797	0	3481
3874	0	384
2783	0	3520
3093	0	1454
3171	1	3227
311	1	289
2044	0	3803
310	1	3444
1064	0	3676
3767	1	2297
1029	1	2190
2903	0	3738
2999	1	690
2746	0	3197
344	1	114
2011	0	3081
2816	0	3777
2816	1	339
2609	1	316
1033	0	3018
2217	0	119
2728	1	2200
1267	0	2569
3661	1	3122
1752	1	1330
663	1	787
3250	1	1923
393	0	1121
207	1	355
1379	1	750
2237	0	2412
527	0	3727
1980	1	4094
746	1	846
270	1	589
3119	0	1017
1821	0	3961
4065	0	2569
2609	1	4111
1436	1	2627
1988	1	1348
1578	1	143
3443	0	2312
3911	1	461
2792	0	3294
2255	1	689
4119	0	172
3686	0	631
2932	1	3754
95	0	3896
1919	1	2920
1490	0	3689
456	0	742
2503	1	4046
1497	0	2998
2357	0	10
899	1	158
3067	1	2152
3267	1	3512
1164	0	8
334	1	1503
1761	1	3291
1618	0	1265
2199	1	3077
3585	1	2647
2209	1	182
1819	1	324
311	0	1254
2497	1	2109
3111	1	1521
682	1	226
256	0	1732
1320	0	4045
204	1	4072
3852	1	2918
1604	1	3665
877	1	807
671	0	3363
2950	0	3775
3088	1	1313
2719	0	3517
3479	1	856
3048	1	3709
2136	1	2811
52	1	2025
1685	0	2673
3111	1	133
697	1	3297
2643	1	424
2655	1	541
880	1	3062
538	0	2605
2633	1	964
3106	1	3331
68	1	2521
954	0	1065
3968	0	1921
2157	1	2278
1608	1	4125
269	1	3337
1954	1	445
298	0	2780
3693	1	1425
3322	1	2575
127	1	1132
2442	0	1121
573	1	566
2493	1	2378
3299	0	2427
2640	1	1437
3802	1	1071
2724	0	840
3822	1	2356
1534	1	794
132	1	2817
2659	0	2758
2759	1	2235
2484	0	454
4098	1	189
1586	1	3113
3015	1	2156
3559	0	3529
14	1	3475
3554	1	833
2910	0	571
2960	1	3878
2771	0	659
3333	1	3358
2525	1	1805
248	0	3764
1378	1	2675
3654	1	2612
4084	0	3701
1119	1	3504
12	1	1767
3120	1	3524
584	1	3113
612	1	2920
2092	1	1227
333	0	853
2187	0	1807
700	1	3927
4049	0	1398
1813	1	1600
649	1	1645
3310	1	2632
2557	0	2095
3236	1	437
207	1	3232
1241	0	2634
3974	0	2284
2270	1	1372
975	1	349
2255	0	3971
4099	0	3684
923	0	1788
3549	1	950
2677	0	3630
628	1	2329
2784	1	3315
838	1	1723
440	1	3009
4129	0	1959
458	1	696
1891	1	3995
2325	0	3339
282	1	712
2661	1	3281
2990	0	3084
4109	1	3794
4107	0	1599
3936	1	3406
1379	1	1975
563	1	1418
2618	0	3704
1355	0	2515
1141	1	1089
2486	1	609
199	0	2005
4152	0	1056
2437	1	2575
2885	1	2128
3725	1	2036
400	1	3533
2660	1	3634
1331	1	93
1335	1	2550
2729	1	2190
2270	0	3801
2801	0	464
657	1	3907
3263	1	186
3526	1	1972
817	0	510
2525	0	597
931	0	3528
3259	0	2549
864	1	2109
781	0	529
1109	0	2875
848	1	1645
3082	1	1063
3183	0	1631
1156	1	3796
2486	0	3489
608	0	2813
1612	1	776
2401	0	3167
4101	1	3794
1831	1	890
677	1	678
1088	1	644
4086	0	2538
1287	1	3891
2943	1	798
3979	1	888
3046	1	2741
997	0	2994
456	1	1293
470	1	2752
899	1	249
256	1	2204
1297	1	871
538	1	7
845	1	1751
2655	1	351
2901	1	254
1410	1	3291
1129	1	1167
514	0	949
2352	1	283
3633	1	1917
1069	0	1818
3889	0	2846
2618	1	1977
1285	0	1001
2860	0	236
1002	1	3854
3071	0	2586
3620	0	1265
2003	1	3809
1460	0	2308
1737	0	154
4092	0	1486
3586	0	1698
318	1	1363
3105	1	480
1186	0	451
2692	1	3097
1648	0	377
3223	1	1232
3687	1	3591
2667	1	3185
1701	1	3393
2578	1	2274
2290	0	2806
1044	1	3553
2137	0	1822
1287	0	1450
3930	0	1989
1971	1	3228
3450	1	244
1825	0	1128
3521	1	2201
3333	1	1521
1570	1	2174
2932	1	224
708	0	2836
2498	1	3570
942	1	3983
3178	1	596
279	0	1929
1720	1	1139
121	1	2892
1011	0	3910
2441	1	3759
2038	1	2106
1938	1	4088
178	1	1990
3134	0	2178
3026	1	939
3383	1	2699
4064	0	938
1954	0	2760
2885	0	1442
1885	1	661
1385	1	3939
2870	1	4083
1120	1	3898
2369	0	3388
3908	1	815
3333	1	133
1178	1	286
4123	0	1305
3149	1	983
1201	0	405
238	0	1902
553	0	2695
1104	1	1353
2645	1	281
2430	0	1962
3206	0	1865
2054	0	262
3657	0	1856
635	1	745
789	1	3158
2815	0	3779
3364	0	3001
1266	0	4044
1547	1	3476
3206	1	210
2364	0	1239
3320	1	4061
872	1	1295
1368	0	703
1378	0	3511
555	1	2626
2943	1	1605
3651	0	2417
532	1	381
2464	1	1420
3615	0	1832
2445	1	674
4112	1	3295
4096	0	2638
1069	1	3062
814	0	1739
4098	0	1401
3680	0	2871
3263	0	1443
3491	1	1645
3047	1	250
1331	0	961
2198	1	713
2052	0	3594
1758	1	3901
832	1	2233
647	0	386
3615	1	471
1729	1	2828
1407	0	2596
3229	1	1314
207	1	3437
2655	1	3451
3364	1	3658
3047	0	1390
1116	0	2789
319	1	3501
4143	1	3404
3096	0	389
819	0	1093
1932	0	3616
3025	1	504
310	1	155
1129	1	25
1107	1	3899
845	0	2230
1494	0	3145
1797	1	1216
3992	1	2852
2722	1	4151
12	1	2641
3449	0	2107
1889	1	1834
1489	1	841
3919	0	1309
498	0	681
1083	1	1730
2032	1	4017
2217	1	1040
1300	0	4052
14	1	4094
1297	0	694
2483	1	3658
3398	0	1412
1815	1	1036
3460	1	1601
1568	0	979
3229	0	179
612	0	51
3673	1	1907
744	0	2952
3264	1	242
2493	1	3946
410	1	2511
1212	0	3030
2731	0	632
2968	1	3469
1462	1	1881
3992	0	387
3086	1	1032
2122	1	427
2964	1	3599
498	1	2129
2045	1	2756
1779	0	3372
42	1	1405
3882	1	3270
756	1	3789
2391	1	1645
2322	1	181
1821	1	3170
3045	1	1645
2096	0	2603
2273	0	869
1382	1	1480
2948	1	1879
3568	0	2162
2032	1	2176
1729	0	4044
3530	1	4134
259	0	2544
653	0	785
2680	0	2718
3719	1	3356
4142	1	2817
1300	1	1090
1632	1	1709
849	0	462
545	1	3543
86	0	3616
3697	1	3490
3749	1	2029
2983	1	1702
3497	1	1823
739	1	863
2909	1	1973
3395	0	2475
3432	1	280
3365	0	1529
3082	0	3520
2103	0	4144
2964	0	2831
3683	1	268
1084	0	3676
1448	0	56
2720	0	1130
3839	0	122
2238	0	2541
1428	1	3893
619	1	1776
2275	0	1163
2710	0	2998
2038	0	2946
3322	1	3925
3267	0	2935
338	1	4102
2659	1	2626
2657	0	2933
3822	0	2995
3236	0	264
999	1	167
2445	1	2705
1033	1	4001
1221	0	1690
2867	0	3536
390	1	117
2929	1	2224
2709	1	4091
2857	0	1247
512	1	3658
2031	0	3373
1719	1	3146
305	0	2473
2745	0	683
3046	1	3991
3095	0	3550
247	1	245
2803	0	1345
881	1	2842
1060	1	2066
1116	1	116
3099	1	1302
4034	1	466
473	1	2452
1297	1	1260
2379	0	271
860	1	2747
209	0	1233
3243	0	3836
2674	1	3181
2503	0	1683
1985	0	1824
1648	1	3547
3579	0	3382
207	1	1321
3134	1	3169
1703	0	1610
988	0	634
1221	1	3329
3816	1	1715
307	1	947
2968	0	1786
1038	1	811
744	1	2349
1161	0	1629
408	1	724
1396	0	97
1796	0	1635
2948	1	2382
3974	1	1804
3874	1	3249
1101	1	3469
142	0	1117
2955	1	71
680	1	587
3353	1	1650
1646	1	560
160	1	1603
3725	1	3484
1387	1	1948
966	1	263
2008	1	3898
3361	1	2884
3837	1	1948
3306	1	2705
1129	1	2146
708	1	3603
4064	1	513
2008	0	3728
3303	0	716
1091	1	1781
267	0	161
3587	0	2590
1434	1	2811
1262	0	501
3216	1	2338
3955	1	149
1511	1	1554
2795	1	226
233	1	210
999	1	2071
1988	0	113
1194	1	1019
2640	0	1631
902	1	3352
1589	1	2182
4118	1	3592
579	1	2747
3602	0	1392
1161	1	3107
3187	1	465
1882	0	3137
360	1	1313
2451	1	1773
3514	1	625
1655	1	2733
100	1	2529
3987	1	3519
2801	1	850
3834	1	1843
2251	0	3137
1187	1	3384
1890	0	1743
2897	1	3835
4068	1	3509
3038	0	2280
2116	1	3658
1387	0	2078
429	0	1574
3193	0	1782
2929	1	1299
1300	1	488
652	0	3517
3882	1	688
3362	1	1118
2195	1	2180
990	1	693
2059	1	2732
162	1	28
120	0	179
1257	1	164
2205	1	3755
514	1	3029
3702	0	2855
2264	1	1874
2895	0	3201
3871	1	2371
2801	1	3647
458	0	2330
1790	1	1969
3736	0	460
2185	0	2881
87	1	1403
3096	1	3614
586	0	1317
1589	1	1507
3121	1	1209
157	0	2114
1324	0	2936
3468	1	1886
3615	1	2686
66	0	981
3196	1	2036
2745	1	2921
4082	1	139
2714	1	2559
440	1	3827
3605	1	2126
434	1	1606
2379	1	273
2803	1	1024
3690	1	3275
1475	1	2575
3141	0	4021
3698	1	3780
3074	0	1356
1964	1	2080
2454	1	1654
2403	1	29
3719	0	315
3473	1	2287
2131	1	574
476	0	3488
1026	0	3330
680	1	3414
591	1	3854
908	0	1012
2143	1	3435
429	1	1042
47	0	1933
3558	1	1369
1257	0	533
1649	1	1284
269	1	2331
1082	1	2608
3697	1	3954
2209	0	391
2896	0	6
318	0	1673
2801	1	1113
2225	0	2835
1898	1	1799
2928	0	1017
3284	1	780
24	1	4024
2508	1	2920
64	0	2385
84	1	2556
1083	0	702
3044	1	198
942	0	570
3760	0	137
3460	1	1228
3284	1	155
4147	1	968
1469	0	2605
3043	0	2321
1790	0	2663
3106	1	3172
675	1	3049
3535	0	79
3559	1	1687
2581	1	3374
3870	1	407
726	0	2772
4147	1	3016
2429	0	2592
3445	0	549
458	1	2824
100	0	1595
2499	1	3658
2291	1	3672
691	1	1388
2208	1	125
3582	0	1397
1677	0	3319
3024	0	3887
1269	0	2310
2009	1	835
2483	0	2989
1156	1	2124
1382	1	1013
2644	1	2012
700	1	3480
2404	1	2821
647	1	3731
2911	1	879
1527	0	1016
2837	1	3113
755	1	4047
2929	1	169
1986	1	959
757	0	2389
768	0	1921
3020	1	1021
735	0	3913
3044	1	3021
1898	1	1195
1304	0	2414
3430	1	916
3432	0	3319
784	1	3051
534	0	218
2084	1	102
309	1	1771
2198	1	1046
1619	0	2162
3261	0	2798
3025	0	672
1270	1	2653
399	1	3829
2189	1	2452
735	1	558
4031	1	1219
2406	0	3255
3744	1	1203
3884	0	1065
1496	1	3787
3178	1	3608
3301	0	3750
800	1	1936
1646	1	964
1858	1	505
1935	1	3094
1870	0	1824
3744	0	1007
2192	1	1997
3587	1	2754
1477	1	733
1135	0	453
2668	1	2524
2229	1	1519
319	1	2580
2581	0	753
877	1	1730
739	1	890
1809	1	3898
1474	1	1990
2024	0	234
2878	1	1181
2771	1	3897
1918	1	3666
436	0	3706
3526	0	388
3334	1	366
3948	1	109
792	1	3830
731	1	3722
881	1	2535
1801	1	2139
2420	0	1722
42	1	2762
3537	0	3682
630	0	4016
557	1	1288
775	0	3392
267	1	1472
4005	0	3706
208	1	3337
546	1	3482
3074	1	1602
3802	1	1738
1347	0	3010
183	1	1751
2013	0	1360
255	0	943
447	0	3135
140	1	922
1903	1	3524
3353	1	3068
3513	0	1931
3582	1	897
927	1	3090
800	0	2757
1557	1	1491
1617	0	221
4098	1	48
2460	0	2736
3651	1	1306
307	1	1208
2566	1	3967
3048	1	2773
1604	0	332
3875	0	1250
3508	1	1444
3276	1	412
588	0	3370
1043	1	1696
2390	0	2707
4126	1	2647
3675	0	669
1411	0	3636
326	1	4155
2337	0	161
486	1	128
3744	1	3622
2562	1	3493
2667	1	696
1971	1	1160
2420	1	1881
1155	0	485
3320	0	1596
2815	1	2471
2357	1	4069
3498	1	4081
3725	1	828
2125	0	413
3919	0	3147
3462	1	2923
1720	0	2433
1461	1	1022
1344	1	237
3000	1	1006
1018	1	2585
573	0	2564
2225	1	2118
3497	0	607
2853	1	2373
2275	1	900
3730	0	192
2379	1	1871
1184	1	4134
3626	0	3793
1775	1	3920
3690	1	376
2127	1	4012
1261	1	2474
837	0	2303
1980	1	1125
3558	0	1792
763	0	1254
1646	0	3650
749	1	1711
1029	1	2093
3919	1	766
2116	0	2989
84	0	3190
2976	0	732
1798	0	402
1887	1	1681
1259	1	2201
2582	1	3381
3844	1	2647
233	1	581
2254	1	117
722	1	723
3344	1	275
3456	0	481
756	0	459
1857	1	175
2558	1	4155
697	1	4070
3761	0	1193
3668	1	1745
449	1	294
1801	0	3940
1581	0	774
87	0	3701
2692	1	624
2374	0	3326
2934	0	195
2251	1	1139
3979	1	2688
4086	1	374
577	0	1827
3894	1	2971
520	0	4076
3984	1	1762
4097	1	3972
3211	1	3976
3743	0	1592
2403	0	2435
1594	0	4048
1719	1	277
3743	1	569
3815	1	4019
2883	1	1310
14	1	773
3626	1	4026
2270	1	1255
3265	1	45
1060	1	2824
2344	0	3001
2100	1	2894
3558	1	1861
2896	1	2076
52	0	2984
2977	1	2913
140	0	31
3778	1	2920
3299	1	2584
183	0	2230
3579	1	1548
269	1	1112
1273	0	1658
736	1	2741
4049	1	1441
1316	0	2159
2692	0	2834
3196	1	3484
2975	1	2203
2694	1	4061
577	1	1092
3131	1	2283
626	0	2758
3790	1	3577
129	0	1599
3773	1	2007
3984	0	2907
1785	1	3781
3751	0	551
2740	1	661
2566	0	3772
1102	1	2979
4062	0	1759
1187	0	3569
2814	1	865
4062	1	417
3285	0	1222
2344	1	3658
1488	0	1531
1798	1	964
847	1	1139
2451	0	3624
3687	0	2590
1998	1	1338
1701	1	2777
752	0	2155
536	1	3435
1753	0	857
3024	1	240
4131	1	1746
2084	0	3900
2566	1	2737
3140	0	2988
2784	0	4060
2079	0	3534
1841	1	862
4109	0	2365
1898	1	3331
507	1	2342
2681	0	2846
3318	0	3359
1197	0	99
519	1	2494
3383	1	3162
287	1	1654
3259	1	3648
393	1	2142
872	0	951
591	0	500
2845	0	996
2252	1	3179
1431	0	2827
3360	0	1777
1903	1	3925
3975	1	1991
3697	0	2123
1264	0	2723
646	1	3281
1448	1	2490
4100	1	2748
3233	1	3022
1156	0	1111
1489	1	3165
937	1	539
4097	1	2520
880	1	3224
565	1	2183
1170	0	1003
3360	1	1484
3126	1	466
3353	0	1087
3011	1	3469
1044	1	1502
982	1	2788
408	1	3998
2259	0	1249
46	0	1191
2731	1	3732
1632	0	1050
2709	1	1627
629	1	2859
3313	0	2826
2783	1	82
473	0	479
2404	0	3438
2568	0	2576
2910	1	893
2500	1	2505
2654	0	1967
1572	1	1338
478	1	484
409	1	3525
3003	1	2738
4068	0	3176
2725	1	3937
2202	1	3493
1974	0	2150
770	0	3971
1064	1	3864
1106	0	492
342	1	2120
1667	1	189
1578	0	667
1426	1	1979
1141	0	2341
253	1	3155
2678	0	1625
1703	1	2223
859	1	2949
1716	1	1934
1775	1	3856
784	0	1146
3606	1	2938
2442	1	70
537	1	3993
3933	1	1904
3535	1	3774
3513	1	2082
3200	1	1243
3933	0	1710
759	0	727
4142	0	88
1467	0	1926
3378	0	170
1463	1	2261
215	1	4067
3571	0	3464
4113	0	3357
955	1	3855
641	0	506
2185	1	1968
1533	1	1623
359	0	2542
2643	0	858
3398	1	610
928	0	135
1141	1	3331
2001	0	3842
908	1	518
3460	1	3386
3200	1	3831
3749	0	719
1465	1	1735
3586	1	1848
399	0	97
2883	1	3833
2604	1	1800
1431	1	2214
1980	1	3475
3987	0	3903
136	1	2323
1614	0	468
1845	1	422
3807	1	63
3882	1	4103
342	1	1741
872	1	2395
414	1	2090
982	0	3623
3440	1	3556
1435	1	1603
3652	0	3298
1107	1	3258
3011	0	1786
1477	1	4030
337	1	1769
3455	1	2675
1109	1	2958
3379	0	2767
1580	1	3079
1566	1	3282
3736	1	2884
3310	0	496
220	0	3176
3693	0	524
622	0	3293
2672	0	1416
276	1	2439
2583	0	2130
2598	0	3112
1115	0	3869
3651	1	158
2020	0	892
2060	1	934
3131	0	3883
1701	1	3429
1622	0	638
2710	1	2319
3640	1	660
3639	1	303
3549	0	3826
3518	1	3595
1613	1	2920
3657	1	1645
2355	1	2016
2815	1	2631
1774	0	1844
636	1	1282
838	0	1875
2220	0	4022
1565	0	895
515	0	2368
1946	0	542
2192	0	1231
3003	0	699
1996	0	826
2974	0	3507
2355	1	4036
577	1	491
4121	0	1108
2904	0	2603
3698	1	3864
2782	1	2924
2328	1	2656
2922	1	822
1429	1	1318
474	0	3594
2709	0	3410
520	1	959
3510	0	779
2436	0	2138
306	0	535
1428	0	1504
2625	1	3427
737	1	868
906	0	230
1048	1	3724
1811	1	2868
507	0	22
2465	1	2606
1974	0	3713
4132	0	2354
1374	1	2245
1335	0	2984
736	1	3991
883	1	3287
2253	0	1513
1847	0	2541
642	0	509
1319	1	2648
1064	1	3806
3582	1	903
1719	1	3186
1621	0	1560
298	1	3278
344	1	2893
478	0	3191
698	1	1144
628	0	920
2775	0	2684
960	0	3231
4112	0	361
1434	1	185
