275	0	270
1357	1	287
1163	0	268
433	1	1154
1011	0	180
383	1	512
64	1	942
937	1	1068
613	1	312
1236	0	415
185	0	719
781	1	1226
887	1	958
92	0	1340
257	0	62
85	0	748
992	0	552
290	1	13
9	0	334
264	0	382
1214	0	642
1272	0	767
98	1	843
255	0	891
612	1	1242
793	0	976
682	1	86
462	1	5
740	1	90
1233	1	406
1155	1	590
185	1	59
184	1	1313
725	0	858
198	1	591
361	1	97
255	1	1042
1	0	1064
566	0	44
962	1	405
1215	0	88
550	1	1279
699	1	691
570	1	869
355	0	476
1166	0	790
824	0	807
690	0	1252
873	0	298
1159	1	159
459	0	524
1030	1	229
925	0	139
504	1	733
856	1	200
58	0	308
875	1	501
575	1	110
744	1	205
615	1	1117
736	1	970
795	1	864
436	0	747
7	0	884
586	1	59
330	1	776
615	0	977
674	0	907
865	0	76
52	0	686
522	1	770
306	1	448
707	0	813
658	0	167
608	0	460
96	1	1185
307	0	1324
85	1	498
395	0	279
702	0	1090
134	1	517
1188	0	211
605	0	80
96	0	545
1142	1	426
936	0	716
1347	0	263
374	1	1141
1231	1	796
944	1	373
997	1	1004
1011	1	927
147	0	216
418	1	1222
274	1	39
831	0	903
0	1	186
254	1	6
900	1	993
525	0	1138
707	1	154
842	1	896
1152	0	1114
901	1	86
1116	0	556
1359	1	1125
1251	1	56
885	0	833
16	0	1187
63	1	1302
505	0	527
410	0	829
41	0	1027
873	1	1281
636	0	929
943	0	1105
513	1	201
871	0	411
29	0	713
627	0	187
762	1	904
1039	1	561
910	1	37
755	1	466
665	0	442
1060	0	963
1030	0	712
1124	1	1237
1321	1	154
1047	0	458
1120	0	474
148	0	103
1110	1	872
541	0	899
1043	0	621
526	0	57
248	0	634
2	0	984
674	1	241
1073	0	647
1223	1	914
183	0	403
771	1	114
342	1	1310
1220	0	805
834	0	810
364	0	289
399	1	1316
45	1	427
156	1	404
1219	1	938
817	0	841
714	1	888
663	1	59
870	1	579
609	0	1131
1309	0	162
257	1	711
758	1	521
1017	0	349
751	0	787
1282	0	1041
1301	1	33
1128	1	79
1097	1	101
569	0	582
1290	1	1023
816	0	437
1079	0	959
1148	0	863
758	0	280
702	1	322
203	1	130
347	1	581
875	0	272
1146	0	273
1075	1	121
156	0	262
956	0	252
141	1	14
296	0	889
1082	0	897
341	1	86
1062	1	313
412	0	1019
745	1	749
316	1	86
338	0	1198
113	0	532
191	1	451
179	1	534
191	0	828
256	0	535
1032	0	557
358	1	59
455	1	814
361	0	839
331	0	365
804	1	144
193	0	784
555	1	400
640	1	846
1165	0	477
356	1	973
1025	0	893
1274	0	1162
1171	0	227
983	0	112
638	0	1273
504	0	387
1060	1	282
444	1	1024
198	0	645
526	1	564
137	1	178
902	0	152
483	1	602
1268	0	1342
350	1	656
1165	1	852
696	0	362
54	0	1258
567	0	812
830	0	72
249	0	624
1330	0	1010
225	1	1255
483	0	82
741	0	390
194	1	30
981	1	1034
605	1	66
1308	0	1303
124	1	700
566	1	949
1075	0	1129
580	1	1160
444	0	214
1231	0	1204
54	1	1161
688	1	37
1321	0	204
849	0	838
1158	1	606
622	0	388
364	1	1087
664	1	788
1315	1	1277
701	1	1222
1158	0	261
730	0	396
947	0	528
231	0	1216
484	0	392
562	0	1338
440	1	125
102	1	1072
456	1	1108
1294	1	657
554	0	683
577	1	1134
1353	1	677
1124	1	441
412	1	224
254	0	155
1214	1	1003
207	1	1134
436	1	176
1199	0	132
964	0	631
1107	0	212
664	0	149
1033	0	371
955	1	1085
1256	1	398
284	1	1112
1053	0	502
319	0	15
1152	1	1143
161	0	145
346	1	223
91	0	1249
650	0	876
1284	1	1007
720	0	1058
1230	0	775
225	0	158
256	1	892
854	1	1360
1290	0	34
746	0	1262
242	0	394
374	0	243
653	1	339
1008	1	1222
1074	0	868
236	1	529
431	1	59
651	0	1144
1130	0	1195
299	1	269
1217	0	389
1079	1	202
18	0	1175
505	1	1115
338	1	786
1236	1	333
1299	0	117
880	1	626
968	0	305
401	0	1224
555	0	385
1150	1	1213
987	1	991
947	1	939
817	1	1052
774	1	1156
327	0	672
968	1	881
649	0	89
791	0	133
1337	0	491
981	0	1296
982	0	1218
559	0	23
744	0	743
335	1	1208
98	0	883
525	1	589
1331	1	294
620	0	643
94	1	886
567	1	806
291	1	472
1188	1	206
668	0	35
1037	0	446
1191	1	895
946	1	820
622	1	77
1304	0	670
515	0	209
651	1	43
851	0	913
994	0	3
288	0	166
831	1	68
1359	0	160
236	0	354
926	0	222
1082	1	1172
649	1	514
720	1	1149
920	0	840
193	1	1122
60	0	1151
613	0	50
299	0	1178
708	0	568
640	0	265
1191	0	1066
663	0	208
108	0	652
78	0	728
1289	1	314
1137	1	599
921	0	639
955	0	1135
1071	1	27
772	1	1052
1189	1	239
196	0	759
1288	0	393
1145	1	847
242	0	648
347	0	731
851	1	924
900	0	31
316	0	165
423	0	1100
141	0	22
323	1	1266
271	1	732
87	1	571
1190	0	1111
220	1	461
1348	1	1086
1308	1	980
482	0	583
774	0	407
559	1	93
781	0	1123
1344	0	1094
801	1	28
249	1	628
867	1	742
153	0	83
1026	0	315
855	0	578
118	0	1319
610	0	469
542	0	548
495	1	171
1053	1	239
830	1	111
383	0	850
147	1	157
1327	0	142
956	1	172
449	0	1113
332	1	986
276	0	366
697	0	1174
727	1	70
969	0	1240
276	1	1067
612	0	1349
1292	1	792
9	1	1317
644	1	189
1346	0	574
1276	0	1197
325	0	328
332	0	131
1133	0	1015
944	0	821
926	1	99
45	0	560
190	1	844
1233	0	266
452	1	602
620	1	1099
242	1	619
587	0	1081
753	0	71
1356	1	48
1038	0	1202
1055	0	493
1341	0	972
894	1	425
754	1	520
1189	0	129
47	1	439
220	0	1293
464	1	896
1038	1	673
855	1	599
1291	1	311
586	0	573
1070	0	174
992	1	954
695	1	1333
935	0	1259
766	1	1031
510	1	1206
1326	1	303
635	0	479
116	1	530
275	1	426
134	0	1261
286	1	406
1223	0	228
41	1	706
122	1	1049
116	0	760
1251	0	722
1017	1	463
1118	0	24
58	1	311
637	1	928
438	0	1201
978	0	135
705	1	1253
835	0	1029
688	0	340
1295	1	292
935	1	1243
799	1	1207
727	0	1132
452	0	630
1139	0	1328
1247	0	1267
518	1	267
1118	1	1036
367	1	245
197	1	351
1263	0	1351
725	1	540
1320	0	861
898	0	443
644	0	803
799	0	1164
183	1	283
816	1	509
1300	1	406
1032	1	1182
1124	0	1093
1291	0	384
562	1	553
885	1	953
113	1	100
221	1	226
102	1	1061
38	1	811
1098	0	757
1133	1	1126
105	0	4
1124	0	616
248	1	402
824	1	422
856	0	547
1139	1	1322
1203	1	756
570	0	397
489	0	421
148	1	832
860	0	497
937	0	848
772	0	500
203	0	1012
367	0	685
63	0	853
234	1	218
485	1	1102
506	1	692
1047	1	478
1278	1	646
1104	1	565
94	0	909
321	1	1250
449	1	1069
195	1	1286
1256	1	911
344	0	1245
739	1	378
1106	0	215
849	1	67
74	1	391
988	0	789
1147	1	678
140	0	729
865	1	75
1	1	65
1284	0	923
636	1	1210
834	1	669
343	0	163
815	1	293
689	0	945
372	1	1339
431	0	1306
988	1	694
475	1	723
197	0	1046
341	0	119
513	0	585
358	0	465
137	0	595
638	1	61
1106	1	1005
676	1	1059
637	0	370
346	0	143
372	0	1169
1229	0	1343
1043	1	357
1071	0	1095
429	0	1225
1130	1	304
763	1	1222
196	1	447
608	1	1285
997	0	917
1346	1	611
577	0	819
653	0	543
542	1	1287
1153	1	974
690	1	519
60	1	1054
128	1	818
650	1	69
161	1	1280
410	1	414
323	0	1168
730	1	1298
771	0	1193
1073	1	703
554	1	21
464	0	26
173	1	1134
1121	1	798
1055	1	597
473	1	721
1180	1	866
751	1	1257
1050	0	710
419	0	734
1268	1	36
108	1	1311
317	0	809
1180	0	750
285	0	1329
1176	0	115
1147	0	258
1101	1	359
418	0	950
867	0	563
1137	0	1020
948	1	604
1150	0	11
627	1	961
1325	1	1184
1025	1	961
1097	0	537
2	1	1049
762	0	454
1348	0	320
724	0	1209
356	0	918
1309	1	1091
1352	1	86
1136	0	19
102	0	906
1026	1	551
475	0	417
966	0	1355
860	1	655
290	0	593
1142	0	481
890	1	1323
1140	1	970
695	1	232
1341	1	470
87	0	408
317	1	277
190	0	761
546	1	237
1163	1	373
52	1	471
1171	1	232
804	0	667
1352	0	1103
539	0	1332
150	1	120
736	0	785
381	1	671
91	1	151
668	1	843
1146	1	302
242	1	599
1148	1	1244
680	0	136
1326	0	882
680	1	426
1221	1	300
47	0	666
966	1	1260
701	0	1092
433	0	1170
118	1	126
902	1	1065
38	0	1358
1145	0	957
635	1	138
29	1	1078
307	1	55
969	1	576
617	1	324
978	1	592
128	0	1063
708	1	1239
335	0	494
773	0	1001
794	1	661
1289	0	996
482	1	175
1199	1	584
1331	0	598
440	0	492
533	0	376
533	1	176
539	1	345
1062	0	836
515	1	765
1203	0	246
192	0	377
791	1	768
575	0	632
510	0	934
1264	1	432
1294	0	538
894	0	360
327	1	654
456	0	1270
1278	0	511
1248	0	1318
194	0	1314
990	1	177
1033	1	1246
965	1	778
78	1	588
773	1	453
1157	0	480
1000	0	1028
495	0	1173
1256	0	1192
462	0	169
381	0	687
1263	1	297
395	1	1222
1327	1	172
695	0	998
815	0	1076
797	0	487
16	1	53
296	1	877
1330	1	825
207	0	915
625	0	181
715	1	1243
518	0	544
1074	1	614
1221	0	618
506	0	827
484	1	1228
921	1	737
344	1	127
348	1	679
140	1	1183
745	0	967
124	0	10
306	0	337
1110	0	235
696	1	914
982	1	698
1098	1	176
755	0	930
1247	1	329
658	1	250
1320	1	46
629	1	692
1254	1	1096
987	0	601
665	1	808
549	0	253
763	0	95
380	0	971
887	0	1196
1274	1	1080
379	0	1045
854	0	301
1217	1	1177
291	0	51
617	0	295
1357	0	217
352	0	1018
146	0	783
352	1	1051
184	0	596
925	1	1271
1230	1	1056
952	1	84
1176	1	1354
932	1	1002
219	1	896
284	0	310
699	0	769
459	1	1211
999	1	1052
724	1	933
550	0	428
920	1	59
18	1	662
423	1	800
880	0	168
74	0	490
964	1	1275
399	0	1167
221	0	182
1353	0	123
989	0	1035
330	0	1241
962	0	975
1077	0	369
231	1	281
1264	0	230
199	1	942
1070	1	1345
473	0	951
331	1	802
675	0	1181
455	0	1014
325	1	1088
179	0	1048
173	0	874
1120	1	633
1000	1	777
1124	0	660
1220	1	603
983	1	37
1337	1	1009
274	0	244
153	1	373
1077	1	210
1234	0	572
430	0	424
1013	0	318
1155	0	468
348	0	188
401	1	434
1276	1	764
140	1	1084
380	1	659
801	0	1297
199	0	278
285	1	985
271	0	251
676	0	1350
1325	0	826
1300	0	862
430	1	919
375	0	368
960	0	503
1301	0	1235
150	0	1022
485	0	641
219	0	238
195	0	516
288	1	336
705	0	531
1254	0	726
714	0	1083
146	1	241
342	0	837
435	1	42
994	1	735
739	0	995
92	1	1067
766	0	523
549	1	240
105	1	1213
870	0	488
835	1	979
420	1	780
682	0	1265
1008	0	908
1272	1	1016
1288	1	49
960	1	1194
1344	1	857
355	1	1336
936	1	81
890	0	823
546	0	684
1140	0	1089
1166	1	213
943	1	521
871	1	859
375	1	717
1159	0	1232
489	1	73
794	0	704
740	0	752
607	0	1238
445	0	1021
822	0	1179
7	1	1305
1304	1	916
1121	0	1312
901	0	450
1157	1	1212
607	1	20
609	1	386
1190	1	1237
420	0	1269
64	0	259
286	0	233
952	0	164
822	1	40
1037	1	1227
374	1	32
1315	0	499
715	0	25
898	1	1024
1283	1	507
741	1	602
793	1	878
1295	0	363
350	0	413
1153	0	170
990	0	738
965	0	486
234	0	912
795	0	416
1104	0	779
445	1	693
0	0	8
435	0	1335
999	0	922
587	1	879
1039	0	1044
1136	1	845
834	1	260
438	1	1205
1013	1	12
754	0	1127
580	0	1119
1219	0	1006
379	1	373
1229	1	681
122	0	718
319	1	496
910	0	940
429	1	1186
946	0	536
697	1	600
522	0	353
1050	1	709
1248	1	938
1171	1	508
1292	0	109
932	0	247
541	1	457
1215	1	623
842	0	326
675	1	309
1299	1	405
610	1	106
753	1	905
689	1	1307
1347	1	594
948	0	1200
343	1	17
321	0	104
1356	0	467
746	1	931
1283	0	782
1128	0	409
1107	1	602
989	1	558
1116	1	1109
1101	0	1057
1282	1	339
797	1	107
569	1	1334
629	0	1040
625	1	941
