567	0	2088
2612	1	2724
774	0	226
228	1	762
7	1	2755
1464	0	2705
2853	0	1050
2100	1	1867
2791	1	196
2276	0	216
1303	0	74
2173	1	450
2677	1	1395
1989	0	1857
687	1	953
1520	0	2159
620	1	1372
2229	0	2232
1557	0	1007
1800	1	354
2654	0	146
1158	0	2421
294	1	2165
1919	0	1854
2023	1	2024
2734	0	2735
804	0	2712
76	1	2488
2127	0	1389
1497	0	2248
277	0	1361
372	1	846
1256	1	464
1043	0	2506
2047	1	678
1625	1	2048
596	0	2281
1793	1	2226
2186	0	933
1218	0	2483
62	1	1455
2489	1	356
1576	1	1951
1538	1	605
1605	0	1580
881	1	808
1334	1	94
2216	1	2201
2562	0	672
128	1	1000
2514	1	2808
424	0	811
404	0	1920
2648	1	2739
1154	1	1394
453	0	697
807	1	1639
1402	1	909
2117	0	2035
1760	1	2180
620	0	2129
56	1	1673
736	0	2770
1449	1	571
1390	1	699
1622	1	1628
557	0	2001
490	1	2201
1492	1	172
1351	1	2435
1531	1	2848
474	0	1348
2073	0	2556
771	1	1570
181	0	1482
2849	0	2838
1074	0	97
610	1	1826
2360	0	2188
2026	0	173
1610	1	627
1731	0	1705
104	0	1305
1575	0	1098
1222	1	316
1404	0	263
2549	1	333
1408	1	2164
355	1	2552
999	1	749
2643	1	1335
1306	0	2268
1042	0	2871
2554	1	1123
406	0	61
2331	0	1496
2614	0	2796
2142	1	1997
55	1	2257
1583	0	364
398	1	2616
372	1	1240
1031	0	1323
734	0	2693
126	1	2066
1788	0	1597
2559	0	1957
2822	1	1080
2883	1	2574
2620	0	1946
619	1	1236
84	0	891
2098	0	518
1191	0	1894
1782	0	2264
1270	1	2392
2274	0	2341
628	0	2830
2832	0	1200
2579	0	1353
1676	1	1009
1492	0	2584
1289	1	170
2699	1	1287
335	0	1163
2610	0	2596
2236	1	1087
2262	1	696
462	1	113
2082	0	1331
935	0	798
1133	0	91
2296	1	1925
344	0	2893
753	0	860
1681	1	1002
1375	0	1903
968	0	268
1230	1	1915
1769	0	125
1662	1	2167
600	1	314
1948	0	1142
538	0	1797
1242	1	2493
614	1	256
1982	0	561
1964	1	604
1500	1	2747
756	1	291
1744	0	2359
1659	1	2382
674	1	1945
1486	0	19
1292	1	2531
1572	1	304
72	0	1602
234	0	2110
1896	0	2019
2239	1	1594
2779	1	786
987	1	487
837	0	879
2632	0	551
2465	0	1799
1174	1	463
2104	0	2573
1838	1	2299
2823	1	1634
2498	1	532
1829	1	1761
496	0	1968
885	1	400
824	0	2419
2280	0	2304
182	1	2466
1652	1	2560
1497	1	613
43	1	991
2853	0	297
234	1	1204
804	1	1720
2173	0	143
1738	1	195
448	0	2878
951	0	393
1795	0	2206
2013	0	253
2766	1	1476
1650	1	871
509	1	1509
2738	0	290
1419	1	1766
956	0	1294
1612	1	1892
1782	1	1414
2260	0	2136
1386	1	127
158	0	1875
449	1	392
1421	1	864
2256	0	2302
1525	1	1850
2565	0	1568
157	0	2130
1678	1	2008
645	1	2393
211	1	445
1438	0	2767
152	1	1405
1502	0	2275
1327	0	1506
2036	0	679
868	0	1093
1812	0	1543
1985	1	1900
779	0	2761
93	0	2321
1752	0	833
2545	1	1041
1542	1	64
647	1	1808
398	1	1529
2301	1	2641
1942	1	1201
348	0	1014
1578	1	51
2077	1	2710
1179	0	368
1278	0	1048
1105	0	1550
828	1	283
2723	1	640
2647	1	695
1334	0	1187
2101	1	112
1895	1	1767
1629	1	2736
331	0	967
2652	1	2454
2888	1	330
355	0	1530
911	0	2363
853	0	657
977	1	2811
2862	0	2781
2507	1	2118
114	1	2663
1010	1	177
381	1	1617
1613	1	2860
2040	0	266
1218	0	1571
841	1	320
570	0	527
1327	1	2603
824	1	261
293	1	312
348	1	1053
1706	1	728
2652	0	1696
2491	0	543
2115	0	2700
1690	0	826
2120	1	2834
1944	1	377
240	0	2668
2727	1	1195
1679	1	1856
981	0	258
111	0	655
1548	1	694
550	1	1480
2502	0	1893
1860	0	204
854	0	2323
2762	1	556
1370	0	2544
2228	1	1945
2080	0	644
242	1	423
434	1	221
1026	0	1211
118	0	1789
881	0	75
987	0	1151
1397	0	1727
2318	0	2314
1402	0	65
814	0	288
1629	0	2451
2780	0	2517
942	1	1135
1784	0	524
2083	0	673
157	1	1669
806	1	858
1349	0	1913
2010	0	343
700	0	1382
3	0	1308
1560	0	2233
2640	1	986
2042	0	2408
1574	1	1822
1812	1	2335
2746	0	49
1347	1	1763
2550	1	27
2859	0	1593
2793	1	456
1665	1	241
2178	0	900
1775	0	1208
270	1	1534
1848	1	2328
1719	1	1805
874	0	2703
1737	1	2345
774	1	1494
2006	0	931
1386	0	1336
1218	1	720
134	0	529
656	1	2802
2333	0	680
1630	0	275
576	0	2772
2319	0	1383
1917	0	1126
1508	1	708
1370	1	73
738	1	787
2872	0	1011
1731	1	5
1218	0	1170
1748	1	2084
1296	0	360
1268	1	1773
865	1	41
2446	0	2432
240	1	415
188	0	2179
1969	1	199
1993	0	88
677	0	1975
1132	0	1452
198	0	1418
437	1	549
1589	1	155
1218	1	1823
179	1	735
1325	1	1181
574	0	2336
2789	0	484
1542	0	1021
1356	0	686
2075	0	1197
1929	1	2237
1545	0	115
1852	1	1774
1196	0	1108
823	0	2234
1427	0	2657
938	1	328
2427	1	786
2025	1	595
2646	1	648
1439	1	564
2786	1	1565
1939	1	1039
1578	1	1274
2360	1	2673
465	1	405
2146	1	1934
1759	0	966
1101	1	326
800	0	702
2354	0	2509
2550	0	2733
1169	0	1415
1444	1	2091
1995	0	1184
1792	0	207
1402	1	2808
2689	0	936
250	1	1344
1821	0	2821
462	0	2839
2358	1	604
2465	1	2137
1272	1	2306
985	0	827
203	1	1288
927	0	1224
594	0	939
2906	1	1855
2160	1	685
2522	1	1018
2332	1	227
1198	1	724
1981	1	1618
111	1	2667
1537	0	1732
2762	0	706
1950	1	670
1147	1	2607
3	1	902
1788	1	783
911	1	2259
1794	0	2479
876	1	704
120	1	926
211	0	2132
1815	0	231
1218	1	265
1119	1	1046
2158	0	403
754	0	1938
1626	0	723
272	0	1124
1778	0	1358
2766	0	68
2779	0	597
1037	0	1448
2823	0	1637
2373	1	2639
1399	1	451
1117	1	482
1591	1	2162
1470	1	709
431	1	251
993	0	2152
1140	1	2061
2873	0	1328
866	1	2825
2170	1	782
2012	0	467
390	1	1110
2740	1	130
1522	1	2085
2028	0	1159
2437	0	299
1757	1	2114
1447	0	1858
2538	1	2749
526	1	18
1341	0	1089
2553	1	1851
629	0	609
1218	0	2379
1573	1	2003
372	1	2519
2622	1	2775
635	0	1152
509	0	2123
2196	1	1472
1229	0	1260
289	0	1831
232	0	2671
2289	0	2253
390	0	1047
2157	1	1401
76	0	2224
807	0	186
1590	0	651
2153	1	2755
1978	0	2499
980	0	1205
2822	0	149
2280	1	2662
4	1	560
2310	1	12
2115	1	85
542	0	2149
1016	0	1649
537	1	2418
2457	1	2182
1939	0	103
397	1	220
2029	0	224
1885	1	2383
344	1	555
2367	0	512
1109	0	2463
969	1	1269
416	1	54
2599	1	1433
1836	0	963
2832	1	2903
591	1	200
2452	0	1828
488	1	709
2649	1	2708
2415	1	832
1678	0	2092
1457	0	2651
1432	1	548
1073	1	1616
2176	0	1025
626	0	2370
2780	1	2775
825	0	1161
1740	1	2711
1346	1	757
96	1	840
2818	1	944
148	0	623
1932	0	1834
1461	0	883
176	1	2513
1672	0	1581
1750	1	983
372	0	1483
1525	0	1980
2186	1	631
2594	1	2393
1996	1	300
1081	0	1059
1227	0	530
1119	1	2456
2220	1	324
1218	1	1753
1677	0	243
2229	1	1286
1697	1	2385
1337	0	1247
1347	0	2516
2764	1	2111
2095	1	1478
2202	0	60
1406	0	1188
1393	1	1250
2269	0	2215
188	1	2295
1712	1	2211
2545	0	1567
1574	0	843
1277	0	2027
2221	0	2430
2251	0	641
471	0	1454
2254	0	1357
365	1	1338
381	0	1646
732	1	875
969	0	329
34	1	2278
2042	1	1808
2793	0	1063
873	0	116
2728	1	559
768	1	2511
1512	1	830
2239	0	1503
1738	1	2629
1440	0	396
1586	0	197
2122	0	219
428	0	1282
2697	1	1767
465	0	281
1620	0	2637
2437	1	1971
2458	0	788
511	0	1729
233	0	1715
1667	1	1868
1376	1	2051
847	0	1671
736	1	58
418	1	185
2615	1	371
957	1	547
1495	0	2880
2583	0	2776
756	0	2294
895	0	1115
437	0	1219
1253	0	582
1906	1	237
1431	1	1666
496	1	848
2583	1	1049
1591	0	1723
1885	0	1949
2462	0	2187
2120	0	717
2528	0	1194
107	1	367
273	0	1413
2791	0	2886
624	1	902
2704	0	2469
2412	1	1640
108	0	2642
1665	1	2861
2106	0	191
815	1	2567
1724	0	1566
104	1	2867
1466	0	1865
1495	1	1335
2484	0	2428
2175	1	1918
1111	0	295
2585	1	2750
1641	1	22
1704	1	589
2594	0	2716
2243	1	87
2082	1	1877
128	1	2884
1222	0	1371
2004	1	1380
1019	0	2403
2446	1	2558
1738	0	2590
1532	0	2121
1972	1	347
1432	0	402
1507	1	359
2125	0	862
2337	0	2907
1557	1	1079
1172	0	1365
1022	1	604
1346	0	2486
2265	1	982
612	1	13
866	0	1762
1076	0	2840
1691	0	1340
15	0	23
1508	0	1295
923	0	829
1186	0	1203
2578	1	2665
2357	1	1343
2782	1	2551
46	0	2524
315	1	1388
1979	1	782
2410	1	1809
397	0	109
497	0	2623
1835	0	1315
596	1	1872
2541	0	50
2699	0	2070
1524	0	2817
888	1	1153
1887	0	45
1589	0	2645
1538	0	246
2689	1	2257
2484	0	658
2397	1	1332
2410	0	2792
508	1	2785
2108	1	1707
2883	0	662
1465	1	2626
768	0	1321
1738	1	2492
2365	1	2344
2317	0	1841
194	1	451
1651	0	475
806	0	1967
1397	1	1304
1085	1	954
850	0	1927
1193	1	852
1138	1	2473
1708	1	300
311	0	919
1243	0	502
628	1	2252
2347	1	1467
1457	1	696
274	1	80
1268	1	477
2501	0	583
1095	1	698
1249	0	2810
624	0	1125
1992	1	604
82	1	611
1626	1	867
1981	0	2126
2751	1	1298
1983	1	1501
844	1	870
432	0	1232
1408	0	2438
784	1	1396
1783	0	988
1771	0	1718
568	0	1424
2618	1	676
1706	0	2826
1412	1	611
9	1	2271
1419	0	1317
1792	1	937
2758	0	710
1111	1	758
952	1	2819
906	0	1882
776	0	24
123	0	2413
232	1	1015
1378	1	1250
896	1	106
745	0	2471
2106	1	940
286	1	387
2366	0	1818
1131	0	2378
1349	1	615
419	1	604
794	0	898
2254	1	308
142	0	650
2562	1	1034
1402	1	1369
1229	1	2071
510	1	1823
46	1	445
2592	1	842
1995	1	1083
1313	0	2529
2649	0	201
2578	0	2369
1113	0	1806
1728	1	383
1450	0	2675
2289	1	2561
1803	0	2300
2227	0	916
1154	0	601
2801	0	1886
1061	0	385
1084	1	2297
1132	1	2064
784	0	2650
554	1	410
2352	0	872
2764	0	63
1130	0	1916
1005	0	1030
2354	1	1618
2670	0	2687
1051	1	100
481	0	154
759	1	2557
1176	0	2809
2286	0	1028
176	0	1614
250	0	2478
1484	1	2644
351	0	884
2417	1	2135
1838	0	1853
244	1	2808
1069	1	1033
2577	0	90
2621	0	1846
1481	1	1478
1560	1	161
2325	1	1137
2782	1	362
1919	1	2889
286	0	1966
1827	0	2308
978	0	2482
1148	0	2039
2455	0	584
2853	1	2666
1262	1	1878
1683	0	1544
868	1	413
1952	1	792
2634	1	849
1221	1	857
1024	0	444
2339	1	155
1444	0	1162
2240	0	718
625	0	1866
1895	0	2298
2786	0	2468
2782	1	2350
526	0	2069
448	1	1364
794	1	797
2744	1	380
198	1	2870
416	0	1984
2805	1	880
941	1	578
2117	1	959
976	1	171
1309	0	379
1199	0	2891
1708	0	178
1368	1	971
203	0	856
1524	1	1623
2485	1	547
2011	0	1035
805	1	429
147	1	1864
1627	0	1693
2799	0	409
478	1	1699
1411	0	1505
800	1	1888
1691	1	1931
1073	0	1146
2240	1	102
1849	0	2732
1520	1	2591
1239	0	1214
2228	0	2540
930	1	2038
1500	0	2198
638	0	1869
2372	1	1632
2795	0	249
262	1	1077
516	0	1410
7	0	1820
1944	1	1009
1131	1	1379
2096	0	2277
128	0	1810
677	1	1687
1690	1	1695
1739	1	519
453	1	1175
2357	0	1598
1958	0	1819
2018	1	1215
480	1	817
654	1	1472
1575	1	2497
250	1	138
1257	1	2273
647	0	2835
2002	1	292
1552	1	2200
1677	1	1628
1256	0	1271
1350	1	2140
1659	0	2526
2052	1	79
274	0	1367
1166	1	2863
541	1	1380
2449	1	2094
730	1	2184
979	0	1747
331	1	712
2044	1	1859
1758	0	151
158	1	2393
921	1	2702
1536	1	1246
1911	0	1768
470	0	305
1493	0	1527
912	1	1907
921	0	2813
2769	0	2384
1303	1	1504
1974	0	2726
1402	1	187
540	0	1947
521	0	1898
1735	1	1833
1242	0	1362
1097	0	2518
1339	0	719
1958	1	1616
1627	1	1930
285	0	479
1887	1	1970
2901	0	1914
1897	1	604
1218	1	1756
1724	1	769
1218	1	1054
1020	1	155
997	0	426
956	1	296
1263	1	2099
309	1	37
2285	1	1284
234	1	2065
2284	0	778
510	1	1753
2597	0	2804
751	0	878
2333	1	1713
1190	1	2628
2683	0	598
1370	0	1008
466	0	499
2296	0	2181
1522	0	1192
1147	0	2464
1024	1	1237
2396	0	2411
2366	1	1055
2720	0	1314
1085	0	164
2752	1	245
1289	0	213
1306	1	2488
4	0	92
574	1	1585
1213	0	2316
351	1	1695
1392	0	646
145	0	2778
2414	0	1716
2417	0	218
2172	0	1178
259	0	2055
1924	0	1721
365	0	755
235	1	520
2632	1	2311
2554	0	948
1031	1	1017
55	0	1300
1738	1	2103
2286	1	2459
1835	1	835
3	0	2737
1924	1	546
2216	0	1901
837	1	1477
1081	1	2241
603	1	1935
2396	1	875
1519	0	2520
2101	0	1104
2707	0	2374
2202	1	2874
581	1	2619
2722	0	731
2566	0	2530
2090	0	2546
815	0	908
407	1	1976
1873	1	28
1082	0	1217
2251	1	1709
134	1	2355
1484	0	1710
853	1	337
2457	0	2555
1183	0	159
603	0	271
1218	0	630
184	0	746
2083	0	2429
1138	0	2512
1811	1	35
790	0	2505
2462	1	384
2380	0	1541
553	1	1977
1465	0	2309
229	1	1060
2014	0	473
1292	0	1381
2174	0	1745
773	1	924
1960	1	822
471	1	714
2799	1	73
2582	1	962
457	1	743
2058	0	2885
323	0	2416
2612	0	1785
999	0	1684
2495	0	2185
1719	0	1316
2472	0	525
2072	1	1648
240	1	2706
2507	0	1122
1825	0	588
2284	1	1202
1778	1	2425
1769	1	2666
2195	0	964
815	1	2050
2127	1	1766
2238	1	2447
270	0	31
591	0	2800
2864	1	691
1023	1	1038
2815	0	2402
779	1	129
1803	1	2440
33	1	604
2096	1	2139
2683	1	2903
1118	1	1628
2395	0	851
1526	0	174
105	0	1391
468	0	2443
2097	1	2892
854	1	1689
9	0	2320
205	0	1366
629	1	1135
2879	1	1472
1556	0	523
2176	1	764
285	1	2407
1223	1	1639
721	1	1870
147	0	439
2245	1	2601
2734	1	267
430	0	2850
989	1	482
1076	1	822
2640	0	260
1243	1	593
2274	0	2060
140	1	2201
865	0	2768
2611	1	1551
2022	0	1814
981	1	709
2655	0	230
752	1	965
252	0	2348
1186	1	489
1189	1	1638
654	0	2633
1955	1	373
407	1	1009
1164	1	2903
2195	1	1876
2502	1	332
1209	0	353
2686	0	2288
480	0	1755
2154	0	1157
2175	0	341
1376	0	1999
418	0	2715
2622	0	665
1757	1	785
2161	1	2890
2433	0	886
1904	1	57
1179	1	604
2769	1	1639
1860	1	606
1356	1	688
2566	1	2145
1906	0	121
1578	0	1635
2815	0	223
2079	0	452
1464	1	2307
616	1	2543
763	0	1479
2528	1	1335
1445	1	671
2285	0	1468
1714	0	1990
2701	1	320
550	0	684
682	0	2674
508	0	2743
428	1	2575
942	0	1940
1904	0	2542
1225	0	247
632	1	786
1206	0	765
478	0	1238
616	0	2086
2653	0	1252
1378	0	1842
2678	0	1212
2367	1	1285
1486	1	859
952	0	1658
1620	1	73
2758	1	2290
976	0	1607
542	1	2591
1150	1	2444
2073	1	2059
141	1	1472
638	1	2494
1350	0	1694
2472	1	328
2161	0	1400
2052	1	1009
1590	1	1936
40	0	2371
1243	1	2214
2310	0	1057
528	0	810
1502	1	1029
2151	0	2536
1960	0	1459
33	0	2116
1624	0	2197
2006	1	1291
1069	0	1787
2738	1	1264
943	1	757
2157	0	1523
1268	0	361
632	0	747
1043	1	2904
734	1	812
2692	0	2203
2151	0	2212
2648	0	301
417	1	1754
1326	0	2851
1794	1	1674
1748	0	1847
2615	0	602
2828	1	81
2327	0	2858
1972	1	1973
923	1	2532
386	1	1709
152	0	932
528	1	1592
507	1	2144
1681	0	388
2719	0	162
2104	1	320
1341	1	1002
2390	1	709
2849	1	2787
2752	0	882
2011	1	1880
480	0	2842
1738	0	693
294	0	1884
1964	0	1474
2818	0	472
1411	1	1961
1209	1	1275
2756	0	313
2168	1	2322
1605	1	2150
1150	0	319
242	0	633
745	1	2328
2611	0	10
120	0	447
495	1	375
2041	1	1742
2723	0	2824
1440	1	975
873	1	2788
1469	1	1777
1737	0	2107
2598	0	394
922	1	79
141	0	1844
1521	1	156
323	1	1009
2728	1	2881
501	0	1722
1339	1	1588
2803	0	1764
2547	0	1156
490	0	1012
110	1	2757
2864	0	2814
2223	1	2210
2098	1	435
2424	1	81
941	0	1301
2053	0	1102
1779	0	1403
2040	1	208
2217	0	2504
1342	1	636
1449	0	282
1600	1	1554
1272	0	2194
1535	0	689
1392	1	1330
17	0	634
335	1	1660
876	0	180
2579	1	1056
1992	0	2608
2093	1	2112
744	0	1044
2207	1	902
67	0	2709
470	1	1244
2679	0	1442
863	0	1587
252	1	2857
1734	1	2008
2390	0	781
2023	0	2748
2610	1	25
1996	0	2713
2484	1	2349
2074	0	357
938	0	739
951	1	1711
2077	0	1233
1493	1	1655
1263	0	1702
2220	0	1100
2895	1	2755
2721	0	664
1026	1	1798
2514	0	1499
1193	0	1283
2125	1	1107
997	1	575
72	1	2381
2301	1	138
1067	1	349
272	1	2470
1092	1	1004
181	1	1231
93	1	2903
2565	1	1120
610	0	1333
1402	0	1425
1830	1	326
1735	0	238
2606	1	51
2697	0	2688
16	1	284
1469	0	2057
2831	1	391
455	1	1736
1416	0	914
346	0	2730
1989	1	1265
740	1	1645
20	1	692
2484	1	1912
2347	0	1668
1526	1	1661
738	0	2534
1199	1	2124
2527	0	2586
841	0	2171
2441	0	2605
1105	1	1547
1058	0	2204
507	0	248
2312	1	1856
1683	1	2436
2163	1	2398
140	0	2571
687	0	934
321	0	711
522	0	278
2332	0	2656
20	0	2313
293	0	789
2238	0	2324
1019	1	14
950	0	2453
404	1	1751
1845	0	1052
84	1	639
83	1	1430
1972	0	6
2377	0	2760
2888	0	2852
1309	1	608
1837	1	1601
2876	0	2033
1270	0	1417
1069	1	217
682	1	2548
430	1	534
642	1	303
182	0	1241
701	0	2595
2582	0	1462
1402	0	2877
1519	1	2299
448	0	11
516	1	2208
586	1	579
751	1	1128
2236	0	1259
1829	0	1064
1676	0	2189
229	0	492
888	0	1926
1	1	135
581	1	2846
15	1	320
2879	0	1485
1421	0	2604
126	0	1546
2058	1	1998
2678	1	2244
2679	1	1642
570	1	1374
590	1	345
2872	1	81
458	1	150
2221	1	144
740	0	2067
2485	0	132
2334	0	2887
893	1	536
1026	1	1009
2433	1	821
2030	0	667
2380	1	2869
752	0	1354
307	1	2393
2611	0	366
194	0	119
2522	0	1746
1552	0	668
1488	1	666
984	0	2753
2646	0	2581
2569	1	206
594	1	2759
2191	0	750
838	1	1628
773	0	928
455	0	2754
2063	1	694
2026	1	2500
1740	0	1234
885	0	2783
912	1	1009
2631	1	2119
1923	0	1103
424	1	2364
637	1	2897
1783	1	1498
2883	0	1322
1549	0	2742
1092	0	2045
1337	1	2755
978	1	2164
576	1	618
537	0	2133
538	1	257
2052	0	2741
311	1	1029
2074	1	783
1679	0	255
1613	0	153
336	1	836
1213	1	1631
674	0	2192
1447	1	1628
2087	1	569
2097	0	2235
1849	1	2385
754	1	98
280	0	1933
1906	0	2694
1516	1	692
62	0	1813
977	0	2717
823	1	1767
659	0	1843
2686	1	378
1848	0	1167
2028	1	1210
273	1	1473
1600	0	42
1507	0	915
1630	1	604
145	1	2008
2274	1	73
1993	1	200
2654	1	676
2319	1	1780
2577	1	2210
2254	0	2246
1837	0	2368
984	1	504
2265	0	1207
1095	0	222
114	0	1956
1488	0	2797
2022	1	2588
1183	1	401
2489	0	1680
1667	0	1490
874	1	1528
2047	0	722
30	0	544
815	1	1491
1458	1	539
336	0	1423
105	1	2147
1633	0	47
1752	1	2020
1697	0	2431
1097	1	1695
1516	0	2439
370	1	945
1136	1	1791
1717	0	382
2018	0	1228
1545	1	2267
1765	1	2627
1513	1	1767
205	1	2552
474	1	2442
895	1	955
1811	1	1324
2312	0	376
321	1	1514
2334	1	2226
2643	0	925
904	0	1943
1218	1	1070
1061	1	2533
1141	0	2630
1136	0	1647
1261	1	2898
1582	0	2255
2599	0	101
1481	0	1086
169	0	2777
1329	0	298
2559	1	1045
1451	1	1639
71	0	95
1023	1	910
1431	0	1435
2397	0	1910
2789	1	1446
541	0	2681
863	1	2474
2801	1	1456
503	0	1902
637	0	1686
2072	0	2718
977	1	1772
2158	1	1562
1221	0	2056
1251	0	1553
814	1	1463
2142	0	1453
1218	1	1741
1368	0	1682
2434	1	1335
659	1	2247
228	0	2854
40	1	2905
1074	1	692
922	1	1009
2044	0	726
2330	0	1941
83	0	2847
344	1	1088
1596	0	1145
30	1	2102
1329	1	535
123	1	26
1113	1	1006
2541	1	2426
1042	1	1561
1257	0	38
635	1	469
2254	1	533
404	1	663
1512	0	737
1839	0	1171
1969	0	215
776	1	491
2109	1	1345
2624	0	0
2283	0	2564
1825	1	1611
2100	0	1539
1326	1	1032
1740	1	1824
2859	1	1245
906	1	604
1216	0	1644
1665	0	2356
1325	0	340
1116	1	2222
142	1	531
1451	0	892
2269	1	2078
421	0	1608
2217	1	871
96	0	1743
1909	1	855
503	1	2000
2400	1	342
2828	0	1569
2719	1	761
2521	1	949
2172	1	890
244	0	175
1952	0	834
2660	1	2535
1185	1	2393
1734	0	1890
716	0	994
1757	0	1987
1406	1	29
2714	1	2343
77	0	2362
2569	0	287
2400	0	1075
1760	0	1409
540	1	36
1450	1	440
985	1	1618
1119	0	1609
904	1	652
2017	1	1790
2621	1	2183
2153	0	1891
286	1	2798
398	0	974
705	0	2902
346	1	513
968	1	552
1917	1	1823
1533	0	2525
2330	1	2600
511	1	801
34	0	2218
2261	1	2450
2075	1	320
943	0	869
2399	1	506
1399	0	1489
2728	0	2664
1595	0	1954
2193	1	2353
1923	1	929
2108	0	2448
2373	0	2496
1023	0	2258
927	1	1475
2495	1	2068
497	1	2896
2080	1	1320
1576	0	2784
1375	1	877
235	0	306
2256	1	1096
2727	0	2602
2093	0	2638
1928	0	1840
861	0	1905
2030	1	1134
2690	1	676
619	0	2420
2043	1	8
1641	0	1254
2876	1	2625
2803	1	2249
2763	1	2900
1470	0	2423
2655	1	1639
1393	0	1688
805	0	1776
1243	1	1099
1218	1	1471
2498	0	1377
1583	1	1628
1402	1	958
1852	0	239
1404	1	1861
912	0	350
1784	1	1071
17	1	2476
844	0	2593
558	0	1922
344	1	1319
169	1	725
2090	1	168
2862	1	2225
1775	1	1003
2037	1	1472
1573	0	2837
625	1	2563
1058	1	1874
1909	0	192
2326	0	703
1117	0	2199
2041	0	2487
2012	1	2305
961	0	2539
1258	0	399
2677	0	212
1402	0	887
2538	0	2829
1765	0	254
2196	0	78
1067	0	1653
979	1	649
1143	0	1139
2148	1	1284
459	0	236
2617	1	446
624	0	894
1227	1	2303
1273	1	1991
2163	0	572
280	1	2201
466	1	1312
1216	1	545
1929	0	585
2658	0	1986
2701	0	1801
2122	1	225
1466	1	1310
1815	1	1279
1109	1	2580
1398	0	1816
1434	0	839
2714	0	2613
184	1	1802
495	0	1511
2029	1	276
1911	1	304
1537	1	1264
1586	1	713
2620	1	2405
1296	1	2691
1148	1	322
1198	0	2503
558	1	816
901	1	1636
2427	0	907
1982	1	2156
203	1	1276
2063	0	2572
1714	1	1685
2015	0	1725
587	0	772
1249	1	669
1548	0	1700
2820	1	505
2223	0	2475
2399	0	2293
2261	0	1577
1759	1	137
771	0	1387
2424	0	1518
1261	0	2062
1793	0	995
1959	0	2771
1189	1	1009
1434	1	1013
2015	1	2890
118	1	2343
2373	0	436
166	0	2682
510	0	1407
2481	0	1953
1402	1	2696
2160	0	683
2728	1	1756
2647	0	2855
2670	1	1663
1615	1	849
2614	1	653
1023	0	573
2660	0	2406
1536	0	160
1948	1	2409
2389	1	2825
1730	0	1559
656	0	1564
612	0	2401
1384	0	1114
715	1	433
1116	0	2827
1985	0	2016
457	0	264
406	1	1155
2358	0	831
957	0	973
442	1	2685
2375	1	411
2004	0	920
759	0	2361
753	1	2510
554	0	1733
1917	1	1753
1873	0	2684
2154	1	2346
1612	0	44
1811	0	617
2276	1	2866
307	0	1862
2317	1	2460
1458	0	1422
660	1	2680
334	1	611
1133	1	2445
1190	0	742
1402	0	52
2434	0	621
2746	1	1603
2262	0	766
2170	0	2292
1218	1	1889
2458	1	777
1273	0	279
1101	0	325
386	0	1180
1230	0	1487
1615	0	2790
1622	0	1555
2227	1	2131
1664	0	580
660	0	2882
1016	1	1628
1979	0	485
2365	0	2272
1185	0	1226
1625	0	1994
661	1	2105
2618	0	1621
1728	0	269
2816	0	1290
2325	0	1036
2527	1	363
790	1	81
2053	1	992
1739	0	1302
581	0	1698
1225	1	972
2081	0	1703
838	0	32
553	0	1863
2193	0	339
370	0	2894
980	1	786
2327	1	960
432	1	1657
128	1	1883
2592	0	374
1955	0	2422
1950	0	1360
2606	0	592
861	1	733
77	1	607
1533	1	464
2017	0	1040
600	0	599
56	0	775
1963	0	1429
1005	1	2587
233	1	2404
2168	0	131
2820	0	1426
441	1	482
1158	1	577
2148	0	443
1416	1	940
1277	1	552
1978	1	1281
2658	1	2230
481	1	2676
1744	1	1027
1130	1	2774
259	1	563
2631	0	2836
1280	0	1144
449	0	2141
442	0	1643
522	1	1355
2245	0	1091
2266	0	1988
828	0	729
2523	0	2589
1750	0	803
2728	0	210
2617	0	2219
43	0	2865
1532	1	1165
1610	0	2263
166	1	2000
1749	0	189
993	1	99
1437	1	122
1800	0	2134
730	0	889
2113	0	793
2260	1	1090
1974	1	2205
2151	1	996
2906	0	2659
2549	0	514
715	0	905
1384	1	1112
1438	1	1540
1672	1	820
2597	1	36
930	0	562
567	1	1220
2095	0	2515
321	1	675
501	1	81
323	1	1606
1595	1	2021
67	1	2513
845	0	461
407	0	2166
498	0	1807
1839	1	2156
2756	1	1817
2395	1	1770
498	1	786
1196	1	547
1118	0	117
2745	0	1299
1513	0	389
1582	1	1618
2873	1	1998
893	0	2342
2146	0	193
2331	1	918
1650	0	946
935	1	2211
521	1	2388
2523	1	1804
1963	1	1563
1243	1	133
587	1	2270
1535	1	500
2337	1	1094
16	0	2387
2553	0	2250
961	1	1879
431	0	483
2807	1	2905
2740	0	2480
1176	1	412
488	0	1899
2853	1	1991
181	1	422
2815	1	2461
167	1	560
1521	0	1786
2805	0	327
2372	0	1428
1143	1	707
2389	0	2669
1427	1	1962
1517	0	1558
1266	1	86
845	1	1599
1437	0	2856
1313	1	202
1022	0	2009
315	0	2046
2301	0	48
1717	1	338
1771	1	2349
417	0	1921
1280	1	136
2113	1	69
2415	0	1182
1037	1	2845
2174	1	2844
309	0	2794
1517	1	59
1596	1	1318
1258	1	691
2	1	2295
1622	0	1670
459	1	1265
2491	1	363
1218	1	395
1010	0	566
1845	1	2393
2014	1	320
1141	1	2806
148	1	2190
2721	1	1656
1652	0	21
1356	0	2351
1827	1	2138
2611	1	2282
626	1	1908
468	1	369
2692	1	2118
2125	1	51
590	0	727
1651	1	990
1928	1	818
1662	0	66
2243	0	903
2191	1	2875
2547	1	2054
1412	0	760
110	0	998
2653	1	1373
2831	0	2340
1781	0	70
1020	0	2386
2352	1	2031
989	0	486
701	1	812
1932	1	2459
1253	1	124
302	1	165
901	0	819
2807	0	209
2081	1	767
2707	1	1871
2087	0	2570
108	1	2089
1223	0	2391
2782	0	1701
2704	1	1579
1168	1	2490
2	0	183
1218	0	214
2412	0	53
2634	0	1619
2895	0	454
1664	1	163
2585	0	1460
1676	1	79
1051	0	1311
2083	1	2155
1461	1	690
441	0	2773
1169	1	897
2441	1	476
2326	1	1726
1556	1	414
1172	1	39
1140	0	2672
2481	1	1991
1712	0	2213
2501	1	2231
2266	1	2833
1781	1	565
1549	1	1160
1836	1	1330
2744	0	2812
2109	0	2731
1363	1	902
1390	0	427
2377	1	2143
1830	0	1068
344	1	1773
71	1	2376
1084	0	1420
2318	1	2287
167	0	2467
2007	0	780
744	1	2076
2763	0	2049
421	1	2698
977	1	1654
2606	1	1107
614	0	917
2157	1	1441
318	1	1072
568	1	1692
2010	1	2338
1439	0	460
1191	1	643
1983	0	408
1959	1	802
2375	0	2169
2745	1	2537
2699	1	425
721	0	2661
2598	1	795
1758	1	1062
1944	0	1965
2043	0	1293
2079	1	2394
2007	1	741
1704	0	1173
1166	0	1832
2283	1	358
1206	1	762
660	1	2635
1351	0	2765
458	0	1584
2315	1	1106
1633	1	692
1897	0	2729
841	0	1443
1239	1	1628
645	0	438
2690	0	89
2178	1	604
419	0	2034
2816	1	1267
1942	0	1359
1749	1	1335
2013	1	1515
1398	1	494
825	1	2755
586	0	2899
2624	1	748
2722	1	1881
1342	0	2568
700	1	1510
1730	1	899
2901	1	2508
847	1	560
289	1	2695
179	0	1127
2414	1	420
1624	1	1604
302	0	317
1251	1	352
1174	0	1129
2455	1	1149
448	1	2477
1363	0	2128
642	0	2291
1	0	913
1779	1	493
1189	0	2279
716	1	1248
2025	0	517
950	1	139
1168	0	310
2036	1	2841
2002	0	2209
705	1	433
661	0	2242
1795	1	982
321	1	1385
850	1	2843
107	0	2609
1445	0	2005
2037	0	1121
43	1	1235
2449	0	1066
277	1	1297
2207	0	2329
1278	1	970
557	1	578
815	1	1255
763	1	2868
2720	1	1796
2521	0	1001
1821	1	947
2339	0	796
896	0	1078
732	0	681
2707	1	2725
1266	0	799
334	0	809
1262	0	770
2315	0	1352
2795	1	1809
2274	0	190
1545	1	1307
622	0	1675
434	0	2636
1164	0	1177
1572	0	1065
2751	0	2576
1218	1	515
262	0	1937
1757	1	2177
622	1	320
1896	1	445
1082	1	1284
82	0	813
318	0	791
922	0	2032
1531	0	1436
