1161	0	2142
2192	1	676
2345	0	2380
1585	1	333
1093	1	118
796	1	1037
52	0	2395
208	1	2337
2217	1	801
374	1	1259
314	1	175
1723	1	1131
1082	1	266
359	0	517
1958	1	1386
8	1	798
1722	1	1428
2496	0	2286
113	1	496
2026	1	818
1621	0	1858
924	0	790
1358	1	170
443	1	1657
794	1	1787
1303	0	1684
1229	0	896
1749	1	2189
1137	1	1015
2171	1	418
996	0	293
1767	1	1479
423	1	947
512	1	97
9	0	927
1044	1	39
603	1	958
808	1	309
1832	1	2154
34	0	428
1184	1	1844
912	0	1289
1958	0	2441
2143	0	2264
374	0	1546
1079	0	107
1389	0	347
1145	0	1850
1648	1	1993
1093	0	966
2237	1	1511
2334	0	1424
432	1	218
804	1	2452
872	1	1765
2095	1	690
929	1	2440
2297	0	46
1906	0	351
928	0	236
817	0	668
2200	1	780
665	1	828
1055	0	921
549	0	939
2470	1	1731
271	0	2247
2195	1	269
1815	0	991
872	1	2298
1556	1	1368
1107	1	1054
1161	1	195
536	1	1327
1789	1	1562
1924	1	83
1655	0	1140
1502	1	2388
1833	0	1915
2029	1	2065
664	0	156
417	0	230
710	1	434
833	1	2371
2203	1	2041
2200	0	855
1211	0	2288
1164	1	2432
731	0	213
1169	0	2290
1447	1	1848
61	0	696
1695	1	1691
548	1	375
731	1	1574
2190	0	621
506	1	1395
154	0	1436
1636	0	1979
478	0	2276
2260	1	1015
65	0	724
2159	0	709
1745	0	99
2038	0	670
1989	1	2423
1316	1	1563
1365	0	347
1483	1	221
1258	1	1801
2263	1	1455
1975	1	2392
452	0	2167
1459	1	1969
1319	1	1823
177	0	535
1138	0	791
254	1	595
1884	1	1123
61	1	2152
2019	0	1721
726	1	1285
957	0	635
1592	1	1932
2391	1	1129
1762	1	316
674	1	1329
379	0	591
1982	1	1118
2497	0	565
308	0	2036
625	1	607
1875	0	2119
72	0	750
1501	0	2479
389	0	901
967	1	1893
664	1	1756
741	1	261
1540	1	315
1873	1	270
131	1	1014
2194	1	2301
1086	0	2353
1902	0	2328
882	1	1604
254	0	1205
247	1	601
768	1	2313
1075	1	161
203	1	1504
328	0	2206
762	1	132
74	1	341
1311	1	2443
1276	1	2056
2481	1	1486
2283	0	1692
1369	0	1758
1290	0	1349
1074	0	1238
2124	1	2170
362	1	1727
2317	1	1891
451	0	867
441	0	1106
2172	1	2117
1293	1	2205
2047	1	1487
1388	1	1236
124	0	1493
1500	1	819
962	1	1071
2223	1	913
70	0	276
2382	1	1027
1398	0	1176
605	1	691
1270	0	1128
1541	1	49
480	0	784
2481	1	1417
1003	1	952
1149	1	602
2485	1	1111
1974	0	557
563	1	1948
2223	1	1680
883	1	1668
1020	0	732
1635	1	989
1091	0	724
803	1	730
2217	1	756
2164	0	734
1234	0	864
772	1	545
1210	0	654
2126	1	505
1567	1	2300
15	1	1122
1245	1	1085
1855	0	2282
313	1	1781
2346	0	1100
421	0	1945
2186	0	868
2436	1	935
1501	1	1280
920	0	407
531	1	708
946	0	1331
2011	1	1896
1431	0	167
1268	0	599
1924	0	1623
1568	1	115
1972	1	2310
982	1	2043
2159	1	1078
2184	0	2328
30	0	1953
1211	1	1454
638	0	1598
1292	0	31
186	0	1077
722	1	1510
308	1	1507
1540	0	574
2194	1	2088
524	1	1763
2446	0	1736
1592	1	2350
1269	1	1298
201	1	334
1923	0	462
437	1	537
627	1	1076
138	0	188
1836	0	723
20	0	342
1337	1	793
98	1	7
931	1	13
1856	0	1300
254	1	383
1105	1	514
1290	1	773
1070	1	2324
420	1	369
1483	0	977
168	1	1103
98	0	1450
1630	0	1330
1813	1	933
1326	1	2137
471	1	2146
1423	1	1859
641	0	63
1086	1	1220
1105	1	1135
1565	1	1960
1332	1	2266
2372	1	2393
1309	1	473
1177	1	551
2171	0	1542
411	1	1911
1188	1	1883
2144	1	2352
446	1	2148
638	1	1775
2191	0	62
752	1	1333
2230	0	25
2115	0	2213
21	1	1416
1943	1	2060
301	1	1066
737	1	1461
1277	0	1348
1290	1	1705
2075	1	2089
605	1	1040
714	0	1609
675	1	845
313	1	1927
1169	1	1097
857	1	1455
908	1	1401
1503	1	1772
483	1	1498
87	1	1213
1200	1	1837
2223	1	467
985	1	1185
1710	0	2067
140	0	1797
51	1	1401
1983	1	1603
1158	1	961
1919	1	1686
1193	0	2339
2225	0	2181
707	0	573
985	0	167
1004	1	28
808	0	1580
1929	1	1438
1513	1	2134
627	0	1988
786	0	2425
1321	1	1766
90	0	1666
2121	1	692
1784	1	1870
813	1	1425
468	0	568
2407	1	1192
1167	1	2227
2306	0	2364
2027	1	922
1824	0	2175
2369	1	1518
605	1	1036
1533	1	1338
736	1	1524
2035	1	1679
51	0	523
100	0	1506
2115	1	558
1984	1	887
1884	0	1508
1608	1	2074
1009	1	555
1492	1	626
1833	1	1012
1113	0	877
354	1	1516
835	0	1796
2014	0	565
1190	0	1739
1946	1	815
1150	1	1304
2054	0	504
2455	0	14
2299	1	368
1362	1	1914
2427	1	173
638	1	918
2475	0	781
2203	1	1649
243	1	401
204	0	1173
1509	0	196
870	1	1344
2299	1	1361
1002	1	1056
981	0	1732
1105	0	2048
1141	1	1159
74	0	225
2130	0	1959
37	0	219
239	1	1324
1733	1	40
1735	1	951
1210	1	1315
524	0	1429
232	1	464
956	1	2061
519	1	1151
792	0	1654
1163	1	64
2404	0	1404
2317	0	631
660	0	425
1421	1	978
272	0	1841
1946	0	365
796	0	2420
996	1	1852
1718	0	407
2217	0	1566
703	1	1462
227	0	848
190	1	2
1509	1	1939
2458	1	253
2013	1	1346
391	0	2426
2245	0	1713
1610	0	2109
988	0	453
325	0	556
2203	0	1434
758	0	202
1384	0	1488
2034	1	1242
1393	0	1212
1084	0	757
24	1	128
1548	0	761
929	0	1017
2215	0	2333
2156	1	395
1153	1	1572
2172	0	2353
205	1	861
1350	0	1336
1832	0	686
424	1	785
2218	1	1114
1733	0	2069
1567	1	860
1492	0	907
2151	1	303
804	0	1217
2291	1	1677
151	0	2487
1381	0	2459
1906	1	1791
1309	0	1349
2274	1	1897
1389	1	1757
258	1	645
2381	1	771
929	1	1308
2252	0	600
1061	0	1452
2111	1	1560
241	1	1909
1362	1	2373
58	0	27
2458	1	2473
856	0	1182
18	1	1028
1164	0	2265
2218	0	455
820	1	1199
275	0	569
1974	1	1786
2377	0	745
1413	1	2351
1645	0	662
2236	1	976
1659	1	779
652	0	1830
2025	1	2408
1181	1	516
2038	1	1134
623	1	644
2192	0	1115
1773	0	2264
1277	0	1039
1393	1	2251
1354	0	1944
2188	1	844
241	0	1583
359	1	807
1851	0	426
2121	0	82
1920	1	2314
2295	0	2139
283	1	1355
1325	1	875
924	1	1214
1833	1	843
1410	0	688
1451	0	1001
1607	0	1980
1741	0	836
1618	1	487
134	1	1849
1991	1	2417
154	1	2059
902	1	1378
471	0	1857
159	1	1035
208	0	2330
1929	0	1429
2424	1	282
1967	0	1154
2338	1	577
1658	0	2214
2207	1	149
833	1	728
2185	1	223
585	1	1899
1275	1	1861
1638	0	1590
1435	0	1797
656	0	1341
20	1	1956
1874	1	1052
752	0	653
1624	1	1748
2190	1	67
833	0	1493
1125	0	324
1020	1	839
2326	1	356
92	1	1284
521	1	2132
1188	0	686
603	0	419
2192	1	284
490	1	994
716	0	1273
2095	1	1675
1745	0	1831
742	1	2240
1769	0	439
834	0	1424
1067	1	2410
1356	1	826
2455	1	106
131	0	1357
1153	0	85
1397	0	390
1351	1	1032
489	1	2320
788	1	2272
47	1	2108
804	1	246
2242	0	1734
1894	0	1442
1033	1	1669
2253	0	456
1605	1	444
2122	1	1795
2404	1	198
21	0	225
377	1	1152
2446	1	400
296	1	371
763	0	921
87	0	1959
1422	1	697
957	1	755
1771	0	1109
1941	1	880
2490	0	2384
2469	0	1176
1983	0	2040
553	0	2456
2121	1	2058
1239	1	78
1345	1	158
904	0	2226
1496	0	1819
1451	1	760
1440	0	1077
9	1	2234
623	0	1596
1886	1	613
1164	1	2262
2083	1	1343
1421	0	1450
2365	1	300
548	0	171
1778	1	1031
618	1	1088
1611	0	280
168	0	678
872	0	1126
1581	0	2031
1311	0	2493
1423	0	2176
2475	1	352
986	0	1257
311	1	825
2209	0	102
2091	0	2094
759	1	1265
2369	0	1642
1053	0	2066
2407	1	1166
2013	0	95
1502	0	439
1312	1	783
948	1	959
2120	1	2243
659	1	17
1929	1	937
838	1	1394
758	1	145
1571	0	2484
41	1	1889
364	1	1052
762	0	1981
55	0	977
1798	0	869
141	1	903
1496	1	240
641	1	1746
949	0	624
159	0	1961
1266	1	1729
1903	0	2332
1325	1	2477
1708	1	1720
829	0	1201
618	1	2081
925	0	1279
1323	0	1347
940	0	1250
1521	1	1068
1004	0	1178
164	0	2099
1229	1	995
677	0	297
2084	1	1516
1107	1	917
1882	1	2494
563	0	1006
2029	0	2422
862	1	661
856	1	1401
931	1	1962
490	0	679
169	1	715
552	1	811
79	0	2046
2278	1	111
1292	1	1740
59	1	2327
2204	1	244
1107	1	719
1332	0	1785
878	0	614
2382	1	2080
36	1	2153
1218	1	1747
105	0	1099
2196	1	268
2476	1	1110
190	0	2339
1745	1	245
222	0	2281
739	1	2305
1536	0	1601
1964	1	199
871	0	1226
1710	1	1334
1350	1	1160
1843	1	765
1275	0	685
2110	1	2289
2027	0	2016
258	0	1808
2209	1	604
447	0	1711
720	1	12
1879	0	898
1158	0	1780
747	0	60
1950	0	1752
878	1	1973
1900	0	2269
974	1	717
1177	0	312
706	1	2210
1120	0	200
578	1	612
2215	1	2180
1605	0	1942
2047	0	1921
2130	1	1810
643	1	1194
2026	0	378
1309	1	110
2098	0	2483
2334	1	1299
834	1	1010
1513	0	381
201	0	185
227	1	1639
2174	0	1925
1053	1	2318
643	0	96
823	0	366
2004	1	207
605	1	579
1463	1	2418
4	1	809
999	1	2243
1762	1	2096
1616	0	2273
1745	1	388
2271	0	396
1873	1	1725
878	1	1335
447	1	1890
2296	0	135
2002	0	851
1116	1	1168
792	1	2052
729	0	1776
837	1	1528
904	1	1829
209	0	351
1876	0	414
2085	1	1414
1567	0	718
1033	0	2076
1369	1	1490
1075	0	189
488	0	2286
2311	0	1542
1913	1	2239
2024	0	1481
180	0	172
1254	0	1901
1628	0	2021
2071	1	315
232	0	1799
1274	0	2425
1874	1	499
1978	0	876
1482	1	1817
1630	1	1516
838	0	2045
2253	1	1914
69	0	2016
30	1	1602
974	0	129
1024	0	1278
1995	0	1189
1465	1	474
74	1	127
1771	1	260
1882	0	31
1276	1	2148
786	1	1558
999	0	1586
916	1	1516
2110	0	1768
485	1	1661
2007	1	1427
1124	0	2293
306	1	930
572	0	2457
486	1	160
1472	0	285
1611	1	810
1044	1	832
468	1	787
361	1	663
789	1	1620
1624	1	936
2367	0	1030
940	1	1698
68	1	1593
2401	1	57
1894	1	2329
146	0	2486
1996	1	1019
2051	1	2492
541	1	386
2017	0	2216
1519	1	853
1674	0	590
714	1	2125
321	1	581
1356	1	1253
513	1	1469
1218	0	2403
2098	1	1013
2143	1	633
109	0	693
1116	1	1005
2297	1	1092
471	1	2312
2051	1	1985
1392	0	2273
623	1	2412
1803	1	1682
70	1	2335
846	1	1806
1814	1	1320
1258	0	2119
1234	1	2430
1947	1	501
328	1	1443
186	1	2116
729	1	547
87	1	1366
2255	1	1396
915	1	973
178	1	1660
1644	0	1400
2207	0	426
1664	1	1015
1067	0	1175
222	1	73
664	0	1526
1651	0	277
2470	0	182
438	1	1225
808	1	148
1838	1	1690
354	0	523
1991	1	769
2476	0	1640
291	1	481
726	0	968
465	0	470
806	0	1808
1996	1	892
1307	0	2480
733	0	1041
411	1	1934
747	1	259
2311	1	1195
598	1	1478
242	0	277
2464	0	1449
2186	1	1480
1648	0	2394
1700	0	472
420	0	1888
1957	1	2389
1117	1	384
197	0	1232
618	0	1535
620	0	1432
658	0	836
1655	1	782
1759	1	2414
296	0	1656
1923	1	682
827	1	2447
1116	0	116
1070	0	355
1408	0	1400
967	1	2489
1972	0	484
834	1	1377
2114	1	220
420	1	433
681	0	1979
2434	0	869
2007	1	1066
1530	0	27
4	1	2000
2093	1	1456
2259	1	1667
572	1	1523
2044	1	671
827	0	1180
1136	1	2292
323	0	1477
313	0	515
578	0	2165
1621	1	427
2156	0	1699
1784	1	1051
2004	0	1525
150	1	2444
410	1	2336
1342	1	422
1274	1	1761
1149	1	543
2255	0	1780
1319	0	1400
2072	0	2457
311	1	1716
30	1	2030
65	1	713
2114	0	1059
44	1	2379
1541	0	2422
72	1	2316
2159	1	2471
788	0	1132
287	1	53
1325	1	224
2223	1	2140
1628	1	1352
343	0	1433
1074	1	2187
632	1	2491
1855	1	1963
410	0	1104
2008	1	852
100	1	648
1095	1	1058
1470	1	1633
2463	0	165
488	1	1148
1482	1	2292
338	1	1968
1365	1	2397
1003	0	1977
938	1	2039
1568	0	884
1659	0	1910
1651	1	66
1820	0	1278
1124	1	1936
1374	1	1418
2468	0	462
611	0	2235
2436	0	2232
421	1	2169
1069	0	1779
1987	1	50
1571	1	1143
438	0	216
1851	1	1383
1585	1	821
1665	0	1612
493	0	1935
2174	1	1743
1358	1	1156
582	1	397
2231	0	1101
1589	0	1878
988	1	126
658	1	749
15	0	2309
1637	0	1742
585	0	1155
2347	0	2428
2474	1	2173
533	1	738
2464	1	469
578	1	139
1447	0	894
1879	1	476
2326	1	1549
1564	0	1515
1754	1	606
1023	1	1263
521	0	2070
1836	1	1468
1314	0	597
91	0	723
871	1	1171
2306	1	1788
1397	1	367
1098	0	403
1379	0	1800
561	1	542
1177	1	1575
1042	1	1144
2334	1	712
1200	0	2294
2223	1	1294
493	1	812
1496	1	2064
1749	1	215
905	1	2208
344	1	1774
883	0	2104
938	0	1233
1244	1	1338
2228	1	617
2054	1	992
178	0	163
287	0	288
1163	0	80
1306	1	655
247	0	458
1807	0	185
720	0	2375
2463	1	508
1246	1	2055
2183	0	2046
716	1	849
134	0	1112
1835	0	348
197	1	1569
1730	0	2100
76	1	914
8	1	774
1564	1	1083
971	0	1676
1187	0	1595
2147	1	1191
122	0	229
748	1	1881
1388	1	2133
1244	0	2340
2242	1	1918
1276	1	221
2283	1	1038
1557	0	251
1664	0	2128
982	0	45
1033	1	2023
2427	1	1877
432	0	1050
1138	1	133
1984	0	2293
42	0	393
1161	1	466
370	1	176
2291	0	770
789	0	2202
1447	1	704
1589	1	231
539	0	2265
1579	0	23
2242	1	298
1392	1	2406
1760	1	1724
1381	1	822
944	0	1179
2144	0	1738
616	1	1134
1735	0	649
1814	0	515
459	0	1640
1803	1	2053
1990	1	2221
471	0	518
2051	0	440
629	0	470
2083	0	1237
2245	1	943
1807	1	1007
2274	0	294
187	1	753
1906	1	2198
2013	1	1587
1919	0	509
8	0	228
1218	1	564
1193	1	2356
169	1	945
837	0	571
640	0	527
739	0	1235
575	1	1997
1384	1	847
2263	0	891
2259	0	1477
435	0	403
1531	1	1702
1489	0	1363
605	0	0
1521	0	337
2481	0	2360
1753	1	1162
1459	0	504
2361	1	1484
2346	1	2466
1091	1	2211
1816	0	1488
451	1	2028
611	1	2415
1184	0	566
742	0	743
632	0	1525
37	1	357
168	1	1777
1521	1	983
2195	0	318
1514	0	2309
1467	0	757
2174	1	775
519	0	1437
1902	1	1846
1556	1	210
2097	1	895
2182	0	1442
979	1	1340
751	1	615
424	0	94
3	1	394
726	1	267
846	0	430
2188	0	1971
1719	1	2033
24	0	1073
1125	1	2465
2278	0	35
153	1	2376
925	1	766
2345	1	246
1822	1	1204
2196	0	461
1271	0	1625
710	0	1588
677	1	1296
2034	0	503
539	1	799
567	1	853
68	0	1142
531	0	1375
553	1	2302
1261	1	274
1585	0	510
675	0	1998
1769	1	1207
721	1	339
1975	0	790
424	1	2331
1619	1	2261
489	0	1626
423	1	1318
1147	0	890
2311	1	926
1767	0	22
1644	1	108
2078	0	2068
2179	0	2303
204	1	1385
588	0	500
42	1	2177
561	0	1641
871	1	2090
2237	0	1714
1261	0	152
2436	1	1427
1967	1	330
405	1	1139
1127	0	1441
2120	0	1353
483	0	1847
2193	0	1917
2207	1	701
642	0	226
1448	1	1970
1021	0	1310
2172	1	672
1745	1	2087
772	0	382
1551	0	586
1838	0	2398
707	1	2313
944	1	744
2147	0	38
2032	1	1632
1489	1	1871
2260	0	2323
1117	1	881
741	0	1080
2135	1	1428
1707	0	1441
90	1	1845
1728	0	416
733	1	1146
1089	1	1685
374	1	930
2051	1	1811
1095	0	1545
1388	1	2149
1169	1	2383
2382	0	1880
2390	1	10
143	0	1582
169	0	1372
1290	1	295
2354	0	2069
805	1	526
1215	1	990
1989	0	1313
1200	1	1240
435	1	1570
1137	0	969
582	0	1863
710	1	246
664	1	1617
618	1	1529
2209	1	1249
1420	0	1064
1941	0	1252
2093	0	2201
205	0	1499
1096	0	1938
1307	1	2336
1536	1	1516
2391	1	2348
343	1	184
2126	0	324
2011	1	2079
59	0	698
373	0	576
2361	0	1842
1539	1	646
143	1	1892
30	1	610
1753	0	590
1924	1	5
2391	0	1953
1982	0	1792
1769	0	2022
747	1	906
2224	1	1663
450	1	1230
209	1	2482
1314	1	93
1820	1	1209
3	1	402
1715	1	1302
1120	1	1196
1062	0	858
1328	1	1770
447	1	2315
2326	0	1272
714	1	669
192	1	2362
656	1	1474
319	1	776
1978	1	984
344	0	2483
359	1	2009
1047	1	1922
1789	0	2232
2017	1	1102
338	0	278
2095	1	123
2097	1	273
2007	1	1547
997	0	1577
1726	0	1865
2034	1	1262
813	0	89
716	1	2366
1996	1	2437
1816	1	2003
2427	0	71
1943	0	1026
805	0	179
2164	1	1672
359	1	494
1537	0	340
1002	0	507
1624	0	879
1130	0	1256
2015	1	1790
2474	0	868
862	0	923
141	0	1606
1369	1	463
445	1	1783
2008	0	2020
2411	1	2337
1117	0	2445
2401	0	624
1107	0	1966
1607	1	609
164	1	457
1190	1	1573
109	1	2118
870	0	1128
3	0	236
2024	1	1933
2015	0	1854
1206	1	2357
56	1	970
2258	0	329
287	1	1550
1723	0	1011
2006	0	264
2228	0	1264
1090	0	2333
1990	0	898
511	1	960
931	1	694
1303	1	1867
854	1	2148
1422	0	1850
725	1	1286
2002	1	1547
1674	1	534
1502	0	2022
620	1	1495
1900	1	520
2338	0	1442
1916	0	1910
1851	1	2106
459	1	1576
2103	0	897
1784	0	1625
915	0	1828
34	1	580
2131	1	1208
2223	1	1446
1024	1	174
1482	0	975
2236	0	2256
1227	1	144
36	0	2416
962	1	562
1082	0	2158
905	0	1863
2372	1	1868
311	0	689
1435	1	873
2159	1	2467
1818	0	251
1931	0	977
2051	1	2421
18	0	1411
588	1	263
2194	0	1597
2374	0	1522
70	1	137
1435	1	2435
2014	1	1295
1940	1	1527
1926	0	1794
1778	0	360
4	0	484
364	0	1081
967	1	950
552	0	1391
1136	1	1817
124	1	2429
2381	0	2099
1856	1	1494
763	1	380
2231	1	900
1501	1	1681
446	0	442
1726	1	1291
192	0	1805
808	1	1390
603	1	2462
2342	1	2279
1759	0	1689
1884	1	372
1241	1	404
37	1	1755
1492	1	32
43	0	2012
2095	0	307
2449	0	683
721	0	987
2182	1	1255
908	0	1330
2390	0	179
1398	1	859
2485	0	2136
1821	1	1170
391	1	963
321	0	1488
76	1	735
1519	0	2488
1323	1	2148
305	1	84
1599	0	1172
703	0	1712
575	0	1952
100	1	2275
674	0	412
377	0	1112
140	1	6
1565	1	1860
1530	1	279
2346	1	559
1388	1	2113
1293	0	103
1695	0	358
1872	0	998
1305	1	842
2268	1	2037
389	1	1197
1206	0	2229
1431	1	2378
920	1	265
829	1	26
1271	1	289
1658	1	637
1362	0	94
2007	0	255
486	0	1594
817	1	193
1950	1	1844
1662	1	1671
1912	0	320
2075	0	1034
1141	0	2303
2179	1	1937
2497	1	2363
820	0	2040
703	1	302
967	0	1634
305	0	33
1807	1	795
1420	1	608
2377	1	1703
563	1	1360
2458	0	1287
1802	1	2442
1943	1	1976
2354	1	1285
1926	1	1717
2071	0	299
417	1	415
353	0	2046
1307	1	1052
2405	1	1428
2017	1	1682
1718	1	1613
460	0	2012
1351	0	345
1150	0	705
1822	1	191
79	1	376
511	0	824
1061	1	495
1886	0	2141
1086	1	1157
752	1	816
1700	1	16
1876	1	1553
344	1	1839
587	1	448
2299	1	2248
1004	1	1198
1610	1	385
275	1	2409
803	0	1065
1965	0	119
1813	0	1692
1379	1	1862
1533	0	1281
2091	1	647
1745	1	1516
1413	0	2304
52	1	1401
640	1	1008
2233	0	1678
2342	0	2325
249	1	1183
192	1	1445
962	0	2439
1055	1	2399
681	1	112
1382	0	1057
1086	1	1108
1227	0	1119
1940	0	219
2193	1	11
325	1	2302
2073	0	2109
1277	1	2349
1728	1	1697
362	0	335
405	1	1371
370	1	125
1380	0	1179
1645	1	1457
2150	0	166
1169	1	408
1872	1	1505
596	0	350
1803	0	2216
1358	0	482
1167	0	1476
2299	0	2005
583	1	77
183	1	687
443	0	363
625	0	2050
1044	0	1300
1406	1	1046
1439	1	250
1463	0	2287
1174	1	639
587	0	2445
1423	1	1426
596	1	2254
912	1	19
1651	1	2166
2438	0	1812
2296	1	650
1964	0	1863
1995	1	702
1312	0	750
1873	0	233
76	0	2250
44	0	248
2405	0	226
234	1	214
794	0	1641
522	1	1186
513	0	544
1136	0	425
2130	1	454
2011	0	1359
1556	0	2396
243	0	1224
86	1	1072
1254	1	550
1814	1	1399
1049	1	1591
346	0	885
2084	0	1182
1637	1	2037
1049	1	147
748	1	1954
55	1	2148
1047	0	1830
2460	1	120
1467	1	2058
1824	1	2238
359	1	2123
2183	1	1
1802	1	2355
227	1	1853
2075	1	261
567	0	576
1622	0	1499
1730	1	1405
1989	1	2343
41	0	673
364	1	502
1388	1	1251
748	0	2284
1991	0	2112
1245	0	2280
1744	0	345
997	1	2155
549	1	802
1319	1	1000
1439	0	1694
1356	0	1464
1638	1	194
1955	0	290
437	0	449
1864	1	2472
854	1	221
1949	1	322
331	0	130
281	1	1709
1328	0	1077
399	0	472
2306	1	75
512	0	1133
1987	0	1407
301	0	88
2468	1	1898
1043	1	431
146	1	2400
2258	1	1134
480	1	1933
2230	1	919
736	1	1444
1380	1	546
249	0	412
2449	1	162
306	1	1259
1174	1	155
2354	1	477
2114	1	1485
1435	1	357
857	0	1601
2470	1	955
1266	0	1121
768	0	409
2072	1	1409
529	1	1402
1021	1	1497
373	1	1046
361	0	235
1579	1	2086
1802	0	540
2271	1	1826
1693	1	1687
1440	1	2270
180	1	317
497	0	921
1818	1	1015
813	1	814
1337	0	235
1722	0	556
665	0	2178
627	1	1992
752	1	387
931	1	1887
1972	1	1804
1382	1	1999
928	1	1267
239	0	1858
2097	0	699
201	1	2062
2223	0	349
238	0	571
1095	1	2102
1323	1	221
2035	0	1794
2131	0	1584
2431	1	980
511	1	2161
1221	1	2413
652	1	1301
1271	1	1243
252	0	2286
1009	0	2433
1605	1	1165
570	0	797
306	0	893
411	0	2277
353	1	2385
1288	1	1403
539	1	1646
529	0	326
2347	1	942
150	0	491
2424	0	479
1949	0	206
56	1	953
1472	1	505
2095	1	1908
140	1	1260
2411	0	932
143	1	2319
521	1	1219
1345	0	2212
1316	0	901
183	0	1512
1043	0	163
854	0	528
1749	0	1375
283	0	2036
695	1	2368
1815	1	1517
117	1	1048
888	0	851
459	1	257
113	0	841
949	1	2308
1069	1	1751
1754	0	1317
1773	1	2127
275	1	746
187	0	1631
2495	1	1283
86	0	1986
1246	0	310
1665	1	2246
806	1	1415
58	1	101
925	1	636
2103	1	1688
533	0	630
1093	1	1615
370	0	2105
56	0	135
1215	0	1647
151	1	1060
541	0	2010
423	0	1087
522	0	673
399	1	941
1079	1	865
1276	0	498
445	0	1203
2455	1	336
675	1	2145
1835	1	700
105	1	2402
506	0	2220
605	1	2453
1342	0	1373
122	1	1895
1565	0	181
2367	1	2049
238	1	332
2191	1	532
2151	0	1180
584	0	2018
1354	1	245
1270	1	1202
305	1	1134
1305	0	2448
1239	0	597
1827	1	2478
716	1	1534
1127	1	286
2460	0	230
525	1	667
2258	1	2082
450	0	22
1840	0	934
695	0	1834
1708	0	1016
643	1	1248
1843	0	2287
1241	0	1491
1619	0	750
642	1	2302
2225	1	392
598	0	1666
1946	1	1554
1928	0	745
1745	0	2101
43	1	237
902	0	390
2124	0	2249
252	1	1904
1957	0	594
1928	1	2450
2095	1	1825
2252	1	2168
2073	1	1339
234	1	774
314	0	2042
1622	1	1709
91	1	2244
1947	0	909
117	0	398
2111	0	1980
737	0	2419
1181	0	171
1145	1	1552
1062	1	1367
1592	0	2322
660	1	2307
2190	1	1022
584	1	413
521	1	1458
585	1	2387
1306	0	2293
2185	0	2321
2172	1	1627
2464	1	874
452	1	142
1600	0	855
1089	0	2092
370	1	148
1920	0	1025
829	1	2454
2496	1	1750
1470	0	1387
1600	1	954
1029	1	554
1539	0	1222
1693	0	2325
1514	1	2160
1913	0	993
1120	1	1643
421	1	767
1707	1	530
1762	0	1126
465	1	1460
1453	0	1387
866	1	1706
2095	1	292
1798	1	666
1435	1	840
2424	1	1370
1049	0	1322
272	1	2199
986	1	1885
725	0	1112
1500	0	1793
1618	0	27
1551	1	634
177	1	2138
2007	1	935
1665	1	1701
471	0	1228
748	1	436
1509	1	651
706	0	868
1965	1	965
2184	1	2107
837	1	1869
659	0	2256
967	1	680
888	1	1696
410	1	972
2495	0	2359
1662	0	1683
92	0	1673
2044	0	649
988	1	2257
2124	1	2344
823	1	1543
1744	1	2157
281	0	1376
748	1	850
1719	0	202
981	1	1764
956	0	754
47	0	631
506	1	800
736	0	684
536	1	592
1715	0	1282
1453	1	157
485	0	1653
1503	0	1471
513	1	1247
1029	0	1544
2407	0	1614
971	1	593
916	0	891
331	1	327
1174	0	673
323	1	1866
1277	1	1559
831	1	777
2191	1	2219
2122	0	1045
1760	0	212
660	1	2241
2361	1	2001
1374	0	1583
570	1	899
1581	1	1604
1221	0	1364
971	1	2162
1875	1	1930
1531	0	1018
242	1	1652
1996	0	1737
2372	0	406
536	0	560
1288	0	407
665	1	256
1864	0	628
441	1	1504
2078	1	2057
1931	1	481
1098	1	1670
234	0	492
1130	1	505
1325	0	1629
497	1	1473
243	1	2086
722	0	1063
1827	0	2010
405	0	102
2374	1	619
2434	1	1466
1023	0	1582
1388	0	1905
417	1	2451
1227	1	1368
203	0	217
817	1	29
271	1	121
525	0	2484
2233	1	589
2225	1	778
319	1	911
2006	1	1412
2150	1	1994
2253	1	622
1042	0	1561
2431	0	1452
629	1	262
1268	1	211
1269	0	264
1326	0	2139
531	1	1951
2026	1	2461
1978	1	2336
1741	1	2197
605	1	1704
1912	1	1504
1096	1	1809
831	0	416
2135	0	2456
69	1	1520
2032	0	1223
169	1	1430
1147	1	1338
616	0	71
1608	0	54
1840	1	50
866	0	1578
460	1	1419
946	1	1231
1635	0	1566
1090	1	1532
2469	1	830
1463	1	1297
835	1	2077
346	1	114
2485	1	2341
1856	1	1782
1448	0	2445
2038	1	2082
948	0	2267
291	0	1094
153	0	1650
1548	1	911
379	1	136
2295	1	2163
1187	1	1696
2365	0	412
1822	0	1133
1149	0	130
583	0	909
1874	0	727
979	0	1961
1393	1	2222
882	0	657
1557	1	304
1314	1	1538
2025	0	764
1033	1	104
138	1	1907
931	0	1555
359	1	889
1084	1	692
319	0	1475
1636	1	711
1465	0	886
478	1	81
1616	1	81
1406	0	2488
1916	1	1216
759	0	2358
1903	1	953
2268	0	1578
1410	1	2386
1113	1	2148
2019	1	910
2224	0	475
2085	0	48
1955	1	2063
1821	0	1373
2204	0	538
751	0	740
1002	1	2285
1062	1	964
222	1	2370
2345	1	434
1599	1	1015
1537	1	125
2438	1	863
2468	1	2129
2490	1	429
1321	0	1376
