47	1	1153
1383	0	535
586	0	1687
64	1	1248
266	1	1600
1584	0	989
1085	0	405
672	1	1098
1406	1	1490
32	0	1655
1547	1	836
287	1	276
1579	0	289
223	1	1416
651	1	1600
160	1	78
424	0	1114
608	0	1196
358	1	1668
1500	1	664
885	1	379
974	0	938
328	1	273
1400	0	375
1627	1	1148
1181	1	678
279	0	249
995	1	612
1415	0	822
1186	1	1098
1424	1	57
130	0	927
22	0	434
502	0	422
939	1	1370
1458	1	1188
152	1	683
1606	1	73
1579	1	1388
1211	0	941
1541	1	1226
398	1	582
1083	1	216
182	0	751
498	1	93
1031	1	109
723	1	1337
1446	0	133
70	0	1269
27	1	1552
1616	0	86
777	0	434
372	1	1592
1080	1	99
199	1	556
1392	0	1041
1430	1	41
79	0	1646
108	1	490
1693	0	773
400	1	1122
1203	1	775
965	0	1496
80	1	1391
1672	0	1002
1619	1	521
128	1	1432
1019	0	744
861	1	569
1222	1	41
98	1	768
718	1	1280
663	1	617
1624	1	350
661	1	1004
125	1	1183
878	1	1618
878	0	56
931	0	600
1307	0	285
20	1	443
1075	0	418
415	0	871
210	0	1517
1362	0	458
837	1	1538
1556	0	852
1177	1	1435
1079	0	1029
214	1	769
1606	0	1508
1005	0	88
1030	0	1064
1050	1	387
839	0	280
1396	0	1155
1186	0	448
1085	1	359
1149	0	433
1612	0	455
267	0	522
132	0	17
712	1	509
83	0	879
111	0	175
26	1	1353
747	0	580
1213	0	164
620	0	858
1078	0	1298
1182	0	1549
80	0	347
583	1	1272
988	0	1493
1339	1	930
589	1	636
203	0	1010
1522	1	16
1175	1	844
1588	1	1465
212	0	7
1691	1	140
223	0	330
823	0	29
489	0	1021
487	0	1051
1459	0	913
411	0	1633
1686	1	1225
148	1	835
723	0	531
248	1	767
1584	1	940
1185	1	1094
738	0	827
873	0	233
1025	0	1375
204	1	588
1401	0	735
200	0	1212
801	1	1095
863	1	1052
238	1	1677
1237	1	281
70	1	1592
423	0	1273
1545	0	1381
1079	1	643
907	0	1156
1425	1	769
12	0	838
318	0	420
26	0	229
1680	0	1298
1263	1	1335
18	1	1464
1610	0	1598
1174	0	69
1081	1	510
1500	0	1274
1144	0	1689
909	1	1404
63	0	420
1110	0	150
1466	1	1534
752	0	641
217	1	1049
1088	0	425
648	1	31
423	1	34
1198	1	54
1355	0	1390
138	1	862
236	1	819
1099	1	421
848	1	977
511	0	1504
321	0	1654
562	1	237
549	1	1113
1410	1	567
404	0	1089
648	0	42
958	0	327
1182	1	1252
1373	1	972
362	0	1250
413	1	101
568	1	926
252	0	563
1475	0	1139
1109	1	13
1372	0	1540
410	1	456
1314	1	337
1290	1	1421
533	1	341
619	1	317
591	0	1571
1306	1	693
857	0	1526
854	0	1077
1101	1	1316
1061	0	445
1398	1	1284
692	0	1116
614	1	610
1223	1	1240
655	0	1262
8	0	1681
524	0	545
542	1	221
326	1	1511
429	0	1281
380	1	1641
916	0	1259
542	0	0
1099	0	308
1067	0	1669
428	0	872
529	0	149
1229	1	255
1682	0	913
1642	1	1238
365	0	1565
376	0	486
1364	1	1476
336	1	1141
279	1	975
957	1	396
1266	0	1521
1118	1	1341
1123	0	726
1497	1	845
254	1	540
814	0	782
1627	0	942
288	1	1605
137	1	719
1288	0	1162
1065	1	1464
743	1	1640
1033	1	1058
1429	0	1082
652	1	101
426	1	72
1457	0	1608
651	0	1503
583	0	1626
743	0	1206
435	0	1363
123	1	864
411	1	114
178	0	625
1620	1	769
35	1	1639
1100	0	843
1502	1	1194
411	1	243
1197	1	1546
763	1	117
1320	0	357
1200	0	297
372	0	1269
191	0	11
1357	1	1447
1542	0	629
837	0	1308
1199	1	560
995	0	89
413	0	399
148	0	1375
959	1	1097
1043	0	239
203	1	1039
210	1	100
370	1	884
571	1	1518
1635	0	432
757	1	754
1685	0	687
1442	1	991
917	1	1657
1103	1	1243
468	1	41
1112	1	1037
1305	1	1093
954	0	155
1686	0	1577
242	0	1343
1507	0	38
1312	1	740
801	0	640
1050	0	345
129	1	450
1096	1	110
1587	0	1484
1205	1	465
9	1	1160
1545	1	1195
1270	0	1124
1086	1	1467
130	1	618
187	0	310
959	0	168
1385	1	273
1014	0	314
604	0	1117
1263	0	601
1553	0	1162
568	0	1294
1178	1	14
907	1	1023
488	1	290
787	1	1402
644	1	1414
987	1	1639
1282	0	694
1044	0	915
1147	0	150
1653	1	1264
1680	1	169
1583	1	1628
960	0	1423
637	0	142
1522	0	1449
105	0	676
104	0	809
1377	1	769
287	0	1069
400	0	764
1325	1	587
1362	1	1595
823	1	1166
979	0	640
388	0	925
24	1	1032
1427	1	869
634	1	1421
1542	1	407
932	1	1673
64	0	1209
571	0	1152
988	1	307
875	0	201
1438	1	1244
860	0	393
6	0	721
63	1	1055
1192	0	384
1310	1	1047
672	0	120
1674	1	387
1442	0	641
119	0	190
1448	0	265
1251	1	971
532	0	1108
1295	1	237
1596	1	1378
1123	1	1384
1092	0	611
333	1	616
734	1	877
1461	1	572
451	1	862
536	0	1688
1570	0	1056
1030	1	1444
880	1	1477
961	0	1090
1568	0	780
1177	0	251
1301	0	334
167	1	1464
849	0	1156
697	1	762
738	1	847
1691	0	689
1574	0	566
342	1	835
1693	1	1127
948	1	226
484	0	1128
652	0	399
1399	0	575
1080	0	171
189	0	1159
1007	0	208
1666	0	1016
1355	1	262
488	0	668
464	0	1576
1425	0	1090
1554	0	575
444	1	1667
1102	1	1387
808	1	431
1438	0	810
763	0	1578
141	0	1409
1060	1	1318
1653	0	1125
1583	0	1607
851	0	391
1373	0	1443
894	1	1435
794	0	1111
760	1	1393
76	1	49
1637	1	603
917	0	7
1553	1	669
1472	1	1533
254	0	1326
792	1	639
139	0	497
914	1	618
381	1	945
339	0	520
808	0	901
1548	1	1528
1299	1	1070
305	0	1638
479	1	1163
1084	1	1456
1061	1	621
943	1	23
118	1	1054
1100	1	1146
1454	0	887
856	0	1267
1142	1	570
338	1	523
1470	0	749
622	0	294
936	0	121
161	0	106
944	0	116
1368	1	649
28	0	554
87	0	1219
356	1	176
1185	0	309
1385	0	997
832	0	665
96	0	386
1118	0	1494
1230	1	1165
578	1	1026
562	0	1331
607	1	296
550	0	1003
1330	1	31
856	1	1421
75	0	574
32	1	1333
1168	1	772
848	0	1017
185	0	733
1180	1	1495
1610	1	1353
1472	0	461
1242	1	935
865	1	360
711	1	1353
1501	1	107
468	0	950
987	0	732
799	1	1663
143	0	1015
398	0	344
1383	1	598
179	1	530
315	1	495
628	0	1022
1044	1	1452
275	0	937
1651	0	828
1120	1	1382
1031	0	196
846	1	1350
1235	0	771
1255	1	1074
362	1	963
976	1	156
50	0	1656
1235	1	834
165	1	431
403	1	186
234	0	323
514	0	480
581	0	1515
266	0	40
577	1	73
579	1	1171
992	0	647
595	0	1561
1403	1	761
707	0	852
282	0	230
1430	0	804
753	1	534
1407	1	1558
849	1	1023
1178	0	597
354	1	1135
1338	1	1463
286	0	348
650	1	102
1293	1	271
331	0	798
364	1	1184
191	1	790
484	1	1464
1485	1	368
1429	1	1127
1157	0	298
833	0	1516
68	0	1321
1609	0	1508
1330	0	789
256	0	402
1205	0	1544
274	1	481
1202	0	43
546	0	982
165	0	901
715	0	1231
1446	1	1195
275	1	807
1222	0	1261
1083	1	41
1221	0	1487
692	1	1315
1105	0	1304
818	1	1509
511	1	1661
380	0	1224
546	1	1126
187	1	369
979	1	1586
860	1	1115
1563	1	1292
607	0	1551
1612	1	1495
126	0	724
1685	1	1134
358	0	1046
424	1	835
811	1	1389
487	1	1481
795	1	705
217	0	382
61	0	259
381	0	1573
61	1	703
794	1	58
9	0	1289
791	0	300
440	0	37
753	0	774
1053	1	1441
655	1	737
708	1	1599
741	1	1140
1460	1	180
1242	0	430
728	0	225
650	0	1524
793	1	594
224	1	439
731	1	416
1180	0	825
559	0	292
1309	0	1601
1011	1	361
514	1	623
172	1	115
729	1	237
1175	0	392
436	0	1271
338	0	938
374	1	103
889	1	1284
236	0	813
1371	0	1543
1372	1	953
1486	0	1440
865	0	401
776	1	654
868	0	313
1293	0	722
680	1	1322
958	1	1038
1403	0	1513
659	1	683
1062	0	1319
841	1	136
1368	0	730
905	0	4
596	0	724
1167	1	1532
1332	0	30
1236	0	244
60	0	1412
470	1	632
1604	0	263
228	0	615
1237	0	1632
1279	1	991
1458	0	748
593	1	945
677	0	144
739	0	1150
1087	1	57
496	1	526
1268	0	1008
1597	1	231
305	1	912
1450	0	1690
688	1	81
60	1	603
524	1	1035
388	1	1238
321	1	41
1285	0	258
174	0	261
633	0	646
1376	0	1536
342	0	1210
438	1	227
1670	0	1300
961	1	769
1014	1	112
28	1	766
163	1	1366
1075	1	1636
329	1	454
18	0	1645
367	0	555
475	0	349
50	1	742
605	0	447
851	1	505
559	1	820
1197	0	1687
1104	0	1676
1138	0	1469
1548	0	706
1560	1	1066
228	1	602
1305	0	519
1394	0	311
839	1	967
1371	1	1131
691	0	1443
1587	1	956
1302	1	1334
129	0	1550
1328	0	385
1450	1	1239
1174	1	899
800	1	1093
816	0	1189
320	0	830
739	1	1241
138	0	422
1236	1	1336
185	1	1257
776	0	1611
1060	0	1034
1181	0	401
1302	0	446
1642	0	925
1400	1	683
1361	0	159
863	0	590
1179	0	1386
946	1	1233
1282	1	1369
784	1	1127
141	1	406
440	1	964
1623	1	92
1556	1	1238
592	1	1049
1602	0	580
1530	0	902
214	0	1189
125	0	512
331	1	547
1349	1	1591
94	1	1422
1596	0	986
119	1	695
1434	1	1024
1617	1	573
157	0	1187
199	0	679
1554	1	206
1635	1	1322
312	0	980
1313	1	803
1071	1	1277
1142	0	1492
412	1	1342
1246	0	771
921	1	910
1309	1	1523
1076	1	33
154	1	222
1133	1	293
328	0	457
1623	0	476
1347	0	1040
1245	0	478
376	1	1220
351	0	427
1045	1	273
333	0	1072
1084	0	355
1411	0	170
939	0	1106
1157	1	1683
1279	0	641
179	0	1692
123	0	240
1647	1	456
663	0	1193
832	1	1126
957	0	758
1167	0	1688
184	1	5
1228	1	419
503	0	1358
498	0	681
760	0	1659
147	1	740
581	1	670
94	0	264
1138	1	1662
696	1	218
128	0	42
537	1	471
318	1	1643
1482	1	409
792	0	1488
260	1	821
549	0	727
1560	0	340
96	1	565
1459	1	1625
841	0	911
485	1	797
709	1	41
1376	1	702
200	1	1365
145	1	1649
501	0	1311
1019	1	1240
444	0	1016
8	1	867
1624	0	373
352	0	1091
1483	0	353
224	0	1585
1380	0	746
1631	1	658
48	1	1317
949	0	781
1325	0	662
1288	1	669
578	1	1037
389	0	1128
79	1	1514
1168	0	874
931	1	62
320	1	269
204	0	1491
630	0	301
898	0	1281
704	1	1402
137	0	1564
1222	1	369
557	0	442
796	0	1529
1574	1	91
671	0	1219
105	1	1107
517	1	551
709	1	1420
880	0	653
992	1	241
806	1	188
579	0	1068
1648	1	701
329	0	985
22	1	842
1572	1	1344
976	0	1009
1081	0	39
1347	1	552
1295	0	417
591	1	569
452	0	1613
815	1	769
622	1	1589
351	1	1652
1203	0	1283
1110	1	700
1216	0	220
1067	1	783
620	1	1036
15	0	353
36	1	1191
1563	0	1535
1406	0	232
252	1	1667
882	0	613
548	0	1274
757	0	1329
905	1	1562
909	0	895
954	1	45
24	0	1499
1620	0	183
1290	0	1267
806	0	1360
747	1	1479
811	0	1287
1101	0	1590
944	1	983
671	1	215
1434	0	414
467	0	1161
1268	1	363
68	1	306
15	1	1218
303	1	1417
1346	1	1074
1266	1	82
1530	1	990
1665	1	824
493	1	853
1682	1	246
634	0	500
1339	0	908
370	0	666
1201	1	16
131	0	640
1694	1	1418
1483	1	817
1460	0	736
645	1	1510
682	0	1340
1199	0	996
1430	1	216
637	1	492
470	0	245
1103	0	194
1670	1	714
1328	1	499
725	1	97
395	1	1215
1213	1	319
35	0	941
784	0	272
1485	0	1593
891	0	1258
709	0	460
800	0	1217
1597	0	1158
688	0	25
1501	0	897
160	0	1622
1380	1	1248
189	1	538
833	1	95
302	0	1040
593	0	906
1088	1	627
248	0	1566
389	1	1464
1609	1	73
1364	0	1580
1320	1	1600
1130	0	1209
157	1	829
1482	0	584
932	0	482
1410	0	1254
1112	0	197
36	0	717
153	1	346
118	0	576
1547	0	918
1299	0	539
485	0	973
1436	1	1000
501	1	769
378	0	1303
946	0	1658
728	1	686
20	0	515
161	1	1063
1255	0	1020
483	0	1506
1297	1	922
1453	1	805
326	0	923
12	1	1194
108	0	261
174	1	1567
242	1	491
802	1	1389
51	1	1474
1674	0	345
608	1	785
1102	0	1048
250	1	1525
66	0	903
882	1	1141
936	1	1445
1507	1	1324
1454	1	90
924	0	1621
238	0	1345
1200	1	649
1519	0	908
212	1	1657
464	1	899
1570	1	317
126	1	1413
1466	0	994
974	1	523
846	0	1121
1619	0	1614
628	1	928
152	0	1265
1497	0	284
315	0	893
182	1	1037
1647	0	211
557	1	390
537	0	1615
857	1	1353
661	0	1517
924	1	561
153	0	574
1527	1	177
51	0	1006
1136	1	883
1361	1	135
1396	1	657
10	1	1073
840	0	1505
365	1	636
536	1	1532
260	0	441
630	1	969
253	0	1262
1604	1	84
286	1	1402
199	1	2
1520	1	1208
1374	1	16
113	1	1531
1151	1	1480
1062	1	1356
339	1	1018
1377	0	1498
1092	1	350
949	1	1468
256	1	1291
10	0	779
302	1	552
1076	0	1505
1307	1	778
1083	0	804
955	1	881
336	0	613
759	0	151
1401	1	1489
404	1	1664
316	1	870
548	1	664
1109	0	919
1448	1	1433
321	1	1247
364	0	44
889	0	606
1136	0	1276
1486	1	675
1043	1	1296
725	0	516
873	1	1126
483	1	820
83	1	952
1665	0	850
759	1	52
947	0	197
1399	1	206
429	1	65
496	0	1630
354	0	1196
715	1	1122
193	1	1059
198	1	176
704	0	219
840	1	33
596	1	1413
250	0	539
1105	1	1154
111	1	684
1478	1	1673
799	0	474
1228	0	876
163	0	667
960	1	268
468	1	369
47	0	408
729	0	417
27	0	349
914	0	927
816	1	769
1408	1	449
267	1	1234
1179	1	462
412	0	543
139	1	900
691	1	1439
1502	0	278
178	1	1675
1190	0	1132
802	0	1207
814	1	1391
1323	1	1395
85	1	469
1096	0	721
459	1	788
209	0	609
1001	0	544
1426	1	896
167	0	513
854	1	177
1470	1	769
1137	0	259
894	0	251
604	1	1557
791	1	1581
1133	0	1367
477	1	928
1672	1	1119
131	1	1586
589	0	322
75	1	346
1616	1	1169
1251	0	1671
795	0	1286
132	1	466
697	0	146
1275	1	1352
1602	1	1479
234	1	335
503	1	626
718	0	1057
122	1	471
1053	0	507
76	0	1492
592	0	382
1232	1	202
53	0	244
831	1	1555
87	1	215
66	1	1428
209	1	195
517	0	283
352	1	1419
1572	0	473
529	1	553
378	1	1058
1527	0	1077
752	1	991
1033	0	859
467	1	394
1087	0	1678
1453	0	852
303	0	67
504	1	855
921	0	25
812	1	551
690	1	999
504	0	527
147	0	998
282	1	528
1198	0	1042
1104	1	1437
955	0	166
1357	0	1249
1229	0	383
134	0	1125
1223	0	744
1332	1	1462
187	1	41
831	0	720
1285	1	416
274	0	257
1651	1	1582
696	0	981
644	0	1473
707	1	1238
577	0	1064
731	0	124
585	1	1382
479	0	453
1147	1	1260
1394	1	886
193	0	324
682	1	397
1520	0	674
939	1	1559
1436	0	892
716	0	599
1071	0	750
1130	1	862
1025	1	835
113	0	1650
1301	1	181
947	1	1037
1246	1	834
1202	1	506
712	0	890
677	1	1379
934	1	127
585	0	77
134	1	1264
53	1	1336
1411	1	624
493	0	377
984	1	1012
1143	0	308
1120	0	77
48	0	3
1149	1	176
1245	1	1636
1105	1	1679
253	1	1227
711	0	1644
633	1	1176
614	0	713
1426	0	1253
459	0	564
948	0	765
1144	1	55
1338	0	1455
1230	0	525
1173	0	46
1374	0	698
1173	1	1204
868	1	660
984	0	755
1045	0	997
1312	0	809
578	0	978
680	0	432
875	1	1013
1007	1	19
645	0	951
1648	0	213
98	0	1575
1424	0	1678
104	1	740
1519	1	930
192	1	745
673	1	742
861	0	1571
1314	0	929
184	0	1359
1666	1	205
1232	0	827
1398	0	606
716	1	824
891	1	1634
1297	0	247
403	0	710
1211	1	1451
1349	0	1027
1568	1	966
1001	1	1214
415	1	1028
312	1	1539
741	0	1348
1201	0	826
1694	0	463
518	1	1405
1306	0	1537
1137	1	1569
1407	0	1660
288	0	295
1541	0	1512
815	0	749
1392	1	1127
1192	1	325
1427	0	207
787	0	635
1190	1	299
605	1	1353
1011	0	1327
143	1	803
586	1	1546
1143	1	421
1631	0	71
1005	1	508
533	0	631
154	0	304
85	0	158
198	0	433
1310	0	1129
550	1	993
1275	0	1684
426	0	786
1221	1	756
793	0	962
796	1	1256
192	0	1516
1408	0	933
438	0	642
451	0	1327
619	0	1056
6	1	110
1332	1	21
428	1	1471
777	1	842
1065	0	1611
518	0	173
866	0	1278
965	1	109
1637	0	1164
1588	0	472
812	0	235
1323	0	1629
435	1	1038
367	1	1351
532	1	1098
502	1	1248
690	0	291
1461	0	1594
477	0	1022
1151	0	343
1313	0	1015
734	0	494
1086	0	270
1617	0	904
898	1	65
332	1	899
374	0	888
1457	1	970
489	1	366
1478	0	482
943	0	1397
885	0	1431
475	1	1170
595	1	541
436	1	1
1346	0	1020
916	1	920
685	0	59
818	0	277
708	0	371
1415	1	437
1078	1	169
332	0	968
145	0	1397
122	0	74
659	0	1145
316	0	1354
934	0	558
1475	1	656
356	0	1603
685	1	162
410	0	211
1216	1	770
395	0	638
673	0	1656
452	1	740
172	0	699
1270	1	1172
866	1	1591
