885	1	991
2087	0	1378
476	1	662
515	1	1375
1690	0	465
484	1	287
1175	1	958
2072	1	1553
157	1	732
976	0	223
1032	0	1663
169	0	852
1828	1	1173
848	0	955
259	0	1141
697	0	1035
1637	1	350
832	1	2079
1791	0	267
479	1	975
896	1	1311
847	1	1010
670	1	569
1742	1	1013
253	1	500
1327	0	1815
1184	0	466
727	0	326
439	0	463
1976	0	1841
7	1	1282
1533	1	1126
1734	1	939
1557	0	1183
1041	0	291
2097	0	1074
410	1	1456
845	1	395
1545	0	1645
85	0	673
1177	0	220
846	1	42
1418	1	919
14	0	1189
819	1	555
1928	0	1187
20	0	376
452	0	178
1688	1	1284
1800	0	2069
96	0	66
1071	0	1780
858	1	258
1542	0	1053
352	1	1221
1445	1	1623
560	1	2034
1341	0	2020
1262	0	166
1860	0	155
36	0	736
362	1	428
566	0	1750
1066	0	1640
432	0	849
1503	0	691
418	0	1198
504	0	1082
1339	0	1305
1475	1	576
1413	0	2036
1635	1	1999
462	0	945
1362	1	1511
1514	0	2048
1607	0	690
1485	0	288
1649	1	1880
1633	1	151
1670	1	1241
677	1	195
2125	1	1864
891	0	387
1534	1	227
2067	0	804
414	1	783
1883	0	619
439	1	533
2115	0	1002
406	0	1605
1768	1	2012
1427	1	1751
1737	1	907
362	1	762
1795	0	11
1151	0	2033
1814	1	1969
1345	1	900
1402	1	2079
1001	1	6
270	0	240
1140	1	187
2074	0	1798
117	0	1104
392	1	797
1508	0	491
1025	0	1365
1573	1	582
933	1	927
1529	1	89
343	1	2129
966	0	127
1862	0	654
2046	1	1676
1457	0	681
1258	1	1977
1021	0	1349
1205	1	289
13	1	1407
1277	1	1789
1500	0	213
713	1	1290
1202	1	299
1771	0	122
1698	1	1929
661	0	1927
502	0	124
497	1	2056
869	1	58
2053	1	1628
1861	1	1531
1836	0	575
1024	1	2062
1580	0	1437
1293	0	922
337	1	255
566	1	769
440	1	561
935	1	1681
864	0	138
1670	0	1289
1539	0	1832
1016	1	643
296	1	1055
2042	0	1502
1976	1	707
1165	1	1228
1696	0	1677
319	0	1871
976	1	5
513	1	531
1769	1	765
1928	1	553
337	0	1611
1996	1	1870
1835	1	255
1097	0	1368
891	1	1707
1020	0	1892
1721	1	763
785	0	1973
285	1	1955
573	1	1070
1402	0	1802
2121	0	1338
1111	0	2001
339	1	1006
1529	0	1496
4	1	509
1612	0	126
1580	1	1859
1027	1	1490
1636	0	1432
953	1	1344
1689	0	2071
1618	1	630
1868	0	568
265	1	474
1091	1	699
154	1	204
826	1	833
1092	1	1099
513	0	1538
1405	0	1700
1138	0	985
1125	1	5
938	0	489
1775	0	1030
1501	1	862
874	0	1449
1528	1	1109
1075	1	150
483	1	1723
1144	1	857
1342	0	238
494	0	1786
1020	1	449
744	0	734
2040	1	1497
949	0	334
1351	1	561
2091	0	997
1648	0	559
247	0	2002
942	1	400
1861	1	902
1037	0	1548
870	1	876
1774	1	793
369	1	1589
1334	1	2035
1335	0	1216
303	0	709
156	0	1520
725	0	1060
1875	0	47
828	1	1876
1462	0	1304
370	0	1810
1261	0	142
305	1	143
784	0	535
1666	1	1093
1219	1	1706
1702	1	1429
802	1	348
1163	0	820
55	0	464
665	1	1372
31	0	1076
847	0	795
626	1	932
189	0	2057
1820	1	1473
570	1	636
1665	1	1367
1813	1	1563
1021	0	52
1263	1	1830
1878	0	2109
55	1	1856
1721	0	906
423	1	1553
1244	0	591
201	1	1571
1711	1	1226
881	0	564
1227	1	1267
1555	0	536
1327	1	317
1775	1	299
1685	1	1414
1162	0	1963
136	0	77
2024	1	472
1613	1	1240
1508	1	1592
541	1	1793
1742	0	1438
1816	1	618
901	1	1518
1791	1	1683
1270	0	689
1037	1	1225
315	0	123
1413	1	1164
1885	1	1865
1142	1	552
1879	1	2089
1921	1	338
1155	0	745
245	0	1440
760	1	887
614	1	878
934	0	1441
1209	0	320
1653	1	630
308	0	936
1757	0	248
1504	1	40
454	0	1434
1049	0	1354
244	1	1411
247	1	1585
724	1	1906
1139	1	71
1018	1	1651
51	1	538
672	0	205
1389	1	1377
1939	1	1288
1208	1	1887
1346	1	1703
778	1	1008
235	0	908
1384	1	729
452	1	638
1951	1	1808
1552	0	79
1657	1	365
692	1	946
430	0	2103
57	1	991
49	1	911
1913	1	1980
2063	1	859
1911	0	417
1024	0	1987
626	0	30
173	0	603
1990	0	841
784	1	1513
611	0	1133
1471	0	931
1379	0	1823
1398	1	1536
1565	0	1541
614	0	1647
935	0	1684
1498	0	998
1398	0	108
272	0	346
1467	0	1034
521	1	1781
1017	1	1560
2015	0	1086
2097	1	924
444	0	2098
1565	1	895
1713	1	56
23	0	1078
1406	0	1744
1966	1	1085
785	1	1127
356	0	547
241	1	800
1852	0	625
1556	1	1714
476	1	112
76	0	119
279	0	1308
2055	1	498
74	0	2038
1350	0	1283
27	0	80
172	0	373
1095	0	140
2119	0	1160
781	1	1845
1596	0	2066
2075	0	1890
925	1	621
1137	1	1272
7	0	1668
86	1	5
854	1	968
951	0	1546
1049	1	1439
34	1	1320
144	1	1397
930	0	1643
1985	1	588
1264	1	1348
1613	0	269
1128	1	1738
304	0	1894
758	0	336
418	1	1870
947	1	914
609	0	1451
646	1	1705
1250	0	1938
1157	0	1535
303	1	970
1730	1	1629
899	0	1923
268	0	666
1275	1	37
2010	0	1087
1380	0	503
605	1	396
1857	0	2131
994	1	1337
1264	0	696
1467	1	1363
298	1	1796
807	0	1307
1552	1	1526
484	0	1424
548	0	1096
1943	0	756
1453	1	1671
147	0	473
1258	0	1194
1065	0	10
1812	0	1483
265	0	940
1017	0	999
1934	0	1058
1387	1	1669
746	0	460
349	1	258
370	1	442
488	1	1783
548	1	1210
1470	0	866
75	1	817
1760	1	1843
447	0	114
842	1	441
1652	0	1512
854	0	798
73	0	1799
1247	1	1604
353	1	1763
1292	0	467
308	1	1090
2005	0	2073
881	1	199
118	0	1463
856	0	1785
2121	1	168
1384	0	844
1985	0	1120
1213	0	1391
1084	0	834
401	0	1748
1825	0	141
51	0	656
1387	0	1889
392	0	1131
570	0	1819
444	1	1217
1341	1	753
398	0	1376
1227	0	2105
1649	0	1325
1203	0	831
2045	0	99
241	0	181
1913	0	1572
312	1	177
1084	1	427
1073	0	1172
1080	0	231
1088	1	685
1907	0	261
1177	1	101
781	0	1579
2044	1	1019
1443	0	952
1908	0	1148
1250	1	271
1966	0	403
385	1	617
103	1	1914
1169	1	704
1380	1	1944
2132	0	550
1470	1	438
1494	1	753
305	0	61
943	0	165
943	1	1474
74	1	1481
1534	0	292
490	0	282
521	1	601
356	1	1210
179	0	528
386	1	526
1608	0	1917
719	0	225
368	0	642
1192	0	650
1270	0	792
512	0	530
1392	0	408
2015	1	527
1760	0	1476
759	0	1863
759	1	425
1561	1	769
1167	1	397
14	1	1959
2042	1	314
1003	0	2054
515	0	2026
1618	0	963
1098	0	384
1184	1	1745
723	0	1426
1975	0	959
620	0	1850
277	1	1818
96	1	2107
1825	1	523
1920	0	1499
1393	1	60
2125	0	91
1741	0	125
628	0	1011
1679	1	599
1965	0	121
1619	1	912
637	1	992
311	0	198
1453	0	39
496	0	380
915	1	1821
106	0	167
2084	1	1776
1460	1	1176
1784	0	69
1539	1	182
788	0	2085
1542	1	1152
587	0	1353
296	0	1431
1720	0	1606
816	0	1576
174	0	867
1807	0	1693
1806	0	310
454	1	1013
1686	0	1680
739	1	2127
1559	0	1245
1073	1	1274
1555	1	595
545	0	823
1105	0	1891
816	1	1942
865	0	1360
1165	0	1599
1598	1	1121
944	1	800
901	0	2041
787	1	1793
84	1	1469
1782	0	1404
1350	1	1238
714	1	1588
1461	1	130
1766	1	499
1468	0	1578
0	1	800
672	1	1134
995	1	1570
1813	0	941
420	1	1699
532	0	1423
773	0	743
777	0	131
1747	0	1869
104	0	29
1788	1	1046
28	0	1168
2053	1	1930
1151	1	192
788	1	233
918	0	671
573	0	683
1495	1	2136
1119	1	224
541	0	720
1119	0	234
2	0	1601
207	0	64
1185	1	1617
394	0	981
312	0	889
724	0	829
412	1	54
272	1	1465
2017	1	1039
455	0	478
1931	0	1792
273	0	1116
440	0	1759
1861	1	1895
1110	1	1233
176	0	215
1154	0	875
1517	1	1515
1984	0	318
572	1	1722
191	1	1789
716	0	1043
692	0	508
188	0	1710
1996	0	1932
1533	0	1366
2067	1	44
249	0	1124
502	1	258
1768	0	1458
1800	1	242
487	0	2023
1244	1	1949
333	1	2007
1478	0	53
1314	0	755
173	1	1752
805	1	1767
680	0	1945
2024	0	659
1788	0	482
170	0	1924
598	0	1718
385	0	754
268	1	335
713	0	525
367	0	1521
1958	0	904
951	1	531
910	0	307
1103	0	306
920	0	133
953	0	88
1662	1	150
1861	0	1149
644	1	222
2074	1	214
1089	0	1986
1277	0	562
899	1	258
1809	1	1658
186	1	1419
128	0	731
986	1	2116
1861	0	82
928	0	2093
2045	1	1371
232	0	622
641	0	839
1460	0	554
2052	1	1634
2030	1	1252
1934	1	2018
1242	1	1506
723	1	1200
1544	0	627
2081	0	1736
777	1	366
2063	0	767
1480	1	632
1916	0	1957
451	0	1230
1539	0	957
1770	0	812
805	0	1062
965	1	1959
886	0	116
645	0	657
1273	1	332
2028	0	1719
1332	1	1318
445	0	770
1016	0	357
481	0	506
860	0	2090
1774	0	684
1123	1	1108
1162	1	402
1637	0	393
1879	0	1639
865	1	1574
200	0	284
394	1	2027
1195	1	1193
1492	1	1532
1862	1	863
1155	1	1268
978	1	1178
1698	0	748
197	1	342
1498	1	383
1809	0	1510
1733	1	1560
898	0	791
1054	0	905
909	0	100
739	0	1448
2040	0	1374
4	0	316
488	0	1509
1666	0	1336
1921	0	1223
969	0	1306
401	1	1589
2044	0	890
399	1	1455
1138	1	203
934	1	324
2117	0	1330
183	0	737
1015	0	1971
360	0	1291
232	1	206
1522	0	98
2133	0	1385
1113	1	243
75	0	1199
949	1	664
1102	0	415
183	1	404
1092	0	2004
794	1	2009
191	0	563
246	0	1610
304	1	801
455	1	1933
1435	0	1627
487	1	710
2096	1	211
27	1	1153
1280	1	2058
828	0	325
1273	0	421
1953	1	255
1254	1	477
1685	0	1181
897	1	38
1395	0	1740
1428	1	239
1504	0	1761
580	0	1846
1812	1	1146
104	1	129
532	1	738
1144	0	1664
1665	0	2113
1262	1	1687
1931	1	293
1822	1	1174
1881	1	631
1137	0	1373
1461	0	1729
1445	1	409
1459	0	730
259	1	1834
1884	1	364
703	0	1369
1807	1	531
819	0	803
2083	0	1370
1088	0	18
407	1	701
521	0	1964
3	0	2070
1951	0	1401
993	0	1704
700	0	153
1345	0	567
598	1	1186
773	1	21
680	1	1725
581	0	583
1855	0	815
1953	0	1905
1071	1	453
279	1	1922
551	1	1867
1984	1	1122
1712	0	1464
1157	1	258
313	0	1543
1271	0	1072
201	0	766
431	1	884
1012	0	1582
1420	0	374
1285	1	775
965	0	41
520	1	2123
2084	0	190
1475	0	1952
1556	0	524
663	1	1604
1990	1	43
1111	1	62
1125	0	750
1766	0	733
1989	0	1061
925	0	1790
139	0	757
1358	0	1234
787	0	105
128	1	1922
994	0	1266
628	1	1870
86	0	1940
1667	1	283
1420	1	1
254	1	1454
1662	0	1882
1392	1	877
436	0	1004
942	0	810
1827	1	1602
1045	1	577
2135	1	1340
845	0	1660
697	1	1356
2096	0	1524
436	1	1057
522	1	1926
1351	0	1328
1214	0	1303
1992	0	585
2055	0	134
590	0	634
1275	0	1416
639	1	1036
1065	1	1956
1118	0	1064
471	1	676
944	0	1877
1874	0	578
353	0	1323
2086	0	459
572	0	184
2078	1	1364
1708	0	331
330	0	1170
1450	1	1778
146	0	2128
17	1	1322
1314	1	132
246	1	1477
1730	0	868
2099	1	1805
1135	0	1081
494	1	1381
695	0	1954
835	1	797
1696	1	776
414	0	2130
587	1	872
1066	0	1577
1659	0	1166
596	1	5
544	1	1217
1285	0	1212
1003	1	1272
605	1	1310
1105	1	1357
2068	0	967
780	0	1586
1457	1	1022
1654	1	929
1215	1	747
1316	0	493
1948	1	5
620	1	258
1436	0	2102
2068	1	738
378	0	937
34	0	782
407	0	1044
529	1	1023
1771	1	1566
826	0	2021
1593	0	340
1054	1	1313
897	0	158
1015	1	419
2111	1	351
789	0	894
333	0	1000
154	0	950
1205	0	375
1269	1	1837
302	1	917
157	0	741
974	0	1231
1114	0	1493
1820	1	1381
1406	1	556
1979	0	698
888	0	159
1898	1	266
2081	1	1248
1517	0	1595
1835	0	1739
490	1	1831
665	0	990
806	0	1482
778	0	1433
8	0	600
1530	0	1583
1162	0	518
286	1	1537
26	0	236
581	1	19
2137	1	1616
1943	1	539
1351	0	694
695	1	1249
1331	1	1507
846	0	446
1659	1	90
1881	0	1765
275	0	1886
1075	0	1872
390	0	624
1316	1	1286
1884	0	1950
1544	1	1491
1939	0	651
1103	1	354
57	0	1732
688	1	1315
1593	1	1224
2025	1	1228
1994	1	1604
2017	0	113
1619	0	824
1409	0	1904
658	0	1848
1965	1	1692
758	1	1959
806	1	1625
1195	0	1229
31	1	1650
244	0	682
514	1	1903
1203	1	1489
2019	0	450
1888	0	913
327	1	1581
1492	0	2047
786	1	1842
1418	0	1794
1686	1	1422
1309	0	1655
1309	1	1955
70	1	501
1545	1	595
987	0	972
145	0	855
700	1	2082
1555	0	379
1960	0	212
874	1	892
367	1	2101
1077	1	458
2117	1	1052
35	1	1278
145	1	2029
358	0	1287
551	0	1527
1118	1	1159
1447	0	1912
580	1	726
1679	0	388
462	1	1452
604	1	382
368	1	405
176	1	171
1811	1	1243
984	1	87
1820	0	2065
275	1	653
670	0	1317
1840	1	871
2080	0	1412
1795	1	2108
497	0	1059
702	1	196
1873	1	429
2059	0	1143
312	1	1995
635	1	830
1549	1	799
714	0	1925
1567	0	237
1597	1	1897
245	1	300
97	1	486
1820	0	228
1018	0	1853
956	1	531
1045	0	341
1979	1	276
1395	1	715
1296	1	679
311	1	1294
1961	0	1716
1557	1	1773
504	1	879
1488	1	962
1712	1	1755
966	1	2092
1827	0	916
1208	0	1352
1635	0	1644
1896	0	262
1695	0	1620
2032	0	608
362	0	540
2115	1	1094
2052	0	363
1888	1	851
1720	1	149
1269	0	68
774	0	838
794	0	2061
207	1	107
637	0	1446
369	0	1777
780	1	534
1247	0	1403
84	0	257
1747	1	1900
888	1	1237
549	1	1839
1191	1	1211
1445	0	1715
2	1	1641
860	1	301
1106	0	678
412	0	718
1175	0	814
200	1	574
197	0	1564
646	0	850
909	1	653
1478	1	1430
1688	0	616
274	0	1525
2019	1	543
1185	0	1359
995	0	12
984	0	359
1958	1	2120
639	0	1410
948	1	443
1661	1	258
36	1	2031
512	1	1682
1495	0	1590
861	0	1779
440	0	1540
1145	0	1772
807	1	216
115	1	1486
1797	0	135
1213	1	1669
987	1	840
2137	0	264
954	1	1129
1242	0	1603
1142	0	893
1154	1	46
514	0	2006
1646	0	468
688	0	615
399	0	837
117	1	1562
483	0	873
668	0	492
2104	0	209
522	0	321
1528	0	1117
2083	1	1554
1598	0	109
1514	1	675
2030	0	960
49	0	290
1162	1	542
1621	1	1600
1614	0	297
1069	0	558
2010	1	647
1701	0	1204
2049	1	1532
106	1	1717
1280	0	706
315	1	1972
719	1	1180
1444	1	1179
1978	1	1156
349	0	557
2080	1	1959
1209	1	569
771	1	1728
910	1	649
1860	1	1415
1270	1	2079
23	1	258
1040	0	1787
930	1	1051
1921	1	516
319	1	1372
825	0	979
1816	0	295
1450	0	1851
607	0	1222
716	1	827
517	0	751
1757	1	592
1836	1	50
604	0	1265
918	1	1899
645	1	507
2051	0	1386
1293	1	1033
1661	0	1147
254	0	623
1516	1	2122
496	1	1056
1130	1	1801
179	1	1013
110	0	1694
1254	0	1005
1362	0	809
1106	1	2088
362	0	250
843	1	1319
663	0	1624
1630	1	964
327	0	389
2025	0	1442
1390	0	2114
983	1	1962
160	1	655
954	0	1279
609	1	93
1597	0	1591
1077	0	1068
1708	1	1709
1427	0	1298
1026	0	1382
1041	1	258
761	0	1100
97	0	161
1471	1	1329
1636	1	1014
1214	1	461
1852	1	1870
1657	0	1171
786	0	1394
188	1	1252
1091	0	1484
270	1	1246
278	1	1190
495	1	821
298	0	1551
1392	1	693
1107	1	1726
605	0	1255
1992	1	1417
1667	0	519
1920	1	1232
17	1	606
740	0	1408
378	1	505
2064	0	92
1485	1	208
1633	0	1754
727	1	480
2075	1	1909
1196	1	258
406	1	1725
1351	1	989
1196	0	988
1436	1	218
277	0	322
1405	1	996
779	0	1558
885	0	1901
103	0	1974
1080	1	593
1021	1	1532
594	0	1968
635	0	880
549	0	1206
1822	0	883
1868	1	1253
144	0	9
1978	0	24
789	1	1009
139	1	1762
1648	1	381
1806	1	1201
1735	0	586
1982	1	836
229	1	1321
2028	1	790
886	1	1396
947	0	323
1097	1	1300
1025	1	1028
1840	0	1383
160	0	329
410	0	597
1130	0	1400
1447	1	1063
2051	1	1257
938	1	251
169	1	411
1110	0	263
1487	0	94
703	1	1479
391	0	811
1487	1	753
2022	0	1983
1883	1	853
1026	1	1731
1735	1	1717
1784	1	571
386	0	728
8	1	717
596	0	1235
712	0	1849
352	0	1935
1409	1	1631
1607	1	1355
1443	1	371
779	1	1746
725	1	1910
435	0	1902
1260	1	456
17	0	2014
479	0	475
85	1	1347
110	1	1638
45	0	2134
1299	0	1399
1875	1	163
1653	0	1622
1835	0	1947
1428	0	1997
431	0	1182
1301	0	1302
1219	0	1197
35	0	1866
1673	0	59
529	0	2106
65	0	1991
1652	1	180
447	1	193
28	1	202
2104	1	2060
1885	0	1421
537	1	1079
537	0	194
1857	1	1941
1435	1	252
189	1	2138
920	1	1290
1522	1	1936
1769	0	735
1737	0	589
1982	0	1161
702	0	347
353	0	345
330	1	1547
1630	0	72
1102	1	813
1251	0	980
1847	0	1312
174	1	705
1814	0	256
3	1	210
278	0	579
1608	1	1048
435	1	923
858	0	1918
974	1	1272
761	1	1669
1702	0	749
1596	1	1753
1136	0	1295
1389	0	434
896	0	2110
2053	0	1505
1215	0	2037
1128	0	982
956	0	120
768	0	772
1192	1	221
1893	1	667
253	0	511
1908	1	669
640	1	365
476	0	2095
495	0	742
1135	1	309
1101	0	613
1251	1	569
658	1	1946
430	1	2112
1734	0	457
1573	0	33
2087	1	1981
1672	0	1042
174	1	818
339	0	1343
1083	1	405
1713	0	1523
1083	0	633
0	0	1915
1835	1	371
974	0	344
2091	1	602
1494	0	470
640	0	2076
1390	1	921
294	1	1519
774	1	1239
13	0	230
1050	0	1361
1263	0	1758
898	1	863
229	0	1031
668	1	2079
1169	0	15
70	0	1817
1893	0	137
186	0	1803
1994	0	485
661	1	1937
1797	1	687
73	1	22
1695	1	793
1811	0	629
1701	1	708
843	0	164
869	0	977
1896	1	797
1342	1	1970
1873	0	1256
1961	1	433
1331	0	510
1690	1	1067
1459	1	1188
451	1	1007
1261	1	1218
984	1	1587
1140	0	2077
641	1	32
1292	1	202
1167	0	424
445	1	595
1501	0	674
1032	1	2039
1847	1	1897
1741	1	961
948	0	1678
861	1	1286
1468	1	1998
432	1	1207
1711	0	1466
560	0	2003
45	1	217
594	1	152
1654	0	1749
286	0	1632
274	1	704
978	0	102
1145	1	1959
983	0	1804
1530	1	1584
1069	1	1743
147	1	402
2135	0	281
1136	1	162
832	0	1029
1259	0	1829
1346	0	1967
1614	1	722
136	1	882
760	0	361
986	0	1674
1334	0	971
1462	1	903
1066	1	1756
358	1	83
2126	0	95
1782	1	48
1040	1	648
1561	0	175
517	1	1675
1764	0	1150
302	0	2008
1567	1	1132
285	0	2013
1544	1	1919
545	1	2100
1101	1	416
1673	1	25
170	1	372
1948	0	1854
1358	1	1276
1828	0	355
1379	1	1824
1271	1	1425
1339	1	1826
1259	1	1469
423	0	219
280	0	1727
1027	0	610
1996	0	448
1916	1	260
1960	1	796
2046	0	1236
280	1	1615
118	1	808
1500	1	546
2078	0	1609
644	0	2000
2099	0	422
63	1	1899
437	0	822
115	0	377
343	0	1691
17	1	1109
360	1	2016
1191	0	2043
677	0	973
1332	0	1993
1612	1	1724
2132	1	413
870	0	81
1770	1	1333
933	0	926
172	1	1281
2086	1	60
156	1	584
1301	1	226
1012	1	469
1123	0	78
471	0	752
1764	1	1656
1480	0	1047
727	1	2118
771	0	328
1001	0	1833
63	0	1326
607	1	1220
1733	0	764
1107	0	1858
1393	0	660
544	0	148
1020	1	1642
294	0	1158
1139	0	67
1549	0	1575
1335	1	686
1874	1	2094
1260	0	2124
768	1	531
1898	0	1626
2072	0	1038
842	0	1550
611	1	1697
1202	0	1838
848	1	185
1113	0	721
390	1	1844
1488	0	1472
802	0	1988
1444	0	1594
1296	0	1115
835	0	1112
1299	1	426
1503	1	60
420	0	1568
520	0	652
2111	0	1569
915	0	1388
2049	0	565
1621	0	1324
481	1	1297
76	1	1560
1878	1	612
398	1	2050
825	1	2011
856	1	16
1516	0	111
1907	1	711
