1673	1	1153
2327	0	1976
3340	0	2502
224	0	306
911	0	2097
3089	1	2346
633	0	377
2277	0	681
1480	0	2751
2599	1	554
2645	0	1434
2183	1	250
3040	1	2771
1781	0	1379
2931	0	378
1991	0	461
2786	0	3190
1102	0	670
812	1	119
223	1	2857
3315	0	2961
790	1	1825
2641	1	1200
2311	0	2686
3138	1	1476
2588	0	1073
1107	0	1222
1988	0	2261
2563	1	1926
1378	1	705
2276	1	159
171	1	1526
405	1	1224
2528	0	786
2326	1	414
694	0	3349
3309	0	1716
383	1	47
1953	0	588
2537	0	323
2798	1	65
2931	1	1354
110	1	84
3127	1	2107
497	0	1498
3098	0	1119
1010	0	2767
1839	1	1414
2514	1	121
3111	0	2352
2955	1	2061
3355	1	2560
43	0	2779
2273	0	1346
3402	1	1034
1934	1	2504
1541	0	2410
1036	0	1474
2357	0	3380
727	0	411
387	1	2545
2378	0	1566
2215	1	2227
1767	0	742
1106	1	1917
1290	0	717
2136	1	583
969	0	1748
1997	1	2680
222	0	314
1501	1	2819
1578	0	3267
3154	1	977
3345	0	2832
57	1	2684
982	0	3243
2161	0	971
1388	0	2091
1980	0	217
2054	1	3156
353	1	1147
1135	1	2174
3404	1	1984
2483	0	2978
1549	1	1207
1008	0	711
2651	1	1414
2321	0	2731
2642	1	1224
2186	1	721
2760	0	856
2374	0	3017
652	1	2897
2893	1	208
2803	0	1255
2473	0	3023
990	0	1569
1698	1	1560
1585	1	2431
1818	1	2812
225	0	2436
260	0	3102
3088	0	577
916	1	1984
2637	1	246
2621	1	2738
1843	0	657
3193	1	3157
2090	1	833
1236	1	2010
398	0	1117
295	1	3100
2128	1	1640
1230	1	618
88	0	128
707	1	2901
296	0	3
3241	1	1969
186	0	1344
3149	1	2951
2477	1	3214
433	0	1058
3393	0	1142
1163	1	1784
842	0	2721
361	1	539
2530	1	885
2327	1	2575
2247	0	3181
207	1	2082
2788	0	35
1849	1	215
3219	0	2218
982	1	3078
2720	1	2902
1501	1	2079
1735	0	3330
2096	1	1110
1570	1	1320
922	0	2252
1441	1	789
379	1	321
1767	1	2258
2274	1	2762
1054	1	1913
3220	0	2313
930	1	250
216	1	1471
3345	1	1605
59	0	3065
1425	0	508
1009	1	393
740	0	256
276	1	25
1063	0	2833
2370	0	81
825	1	1286
830	0	2343
2468	1	73
72	1	1004
3005	1	1081
2741	1	518
1516	1	1273
108	1	1672
2748	0	2591
2668	0	2056
1518	1	913
223	0	821
216	0	268
854	1	961
494	0	2419
1506	1	2837
2314	1	313
1507	0	419
2709	1	2472
238	0	1908
1935	1	1235
869	1	1151
3099	1	321
2889	0	799
2368	1	3150
1317	0	1046
3012	1	3122
2521	1	1223
1997	1	3359
869	0	1581
2326	0	1274
78	0	1886
205	0	2583
2810	0	607
1432	0	2199
224	1	2986
1376	1	1318
2456	0	2460
1954	1	3052
2577	0	3235
2969	1	1536
1907	1	3217
802	0	425
1077	0	2982
371	0	818
3300	1	1689
1839	0	1205
1198	1	2533
2543	0	41
3407	1	3092
1525	0	311
1339	0	241
45	1	2849
1829	1	1798
3324	0	2442
87	0	688
2413	0	64
839	1	2126
1644	0	1145
1561	0	1938
2619	1	3281
1772	1	1341
1265	1	2877
3039	1	948
383	1	615
3169	0	3180
876	1	3252
2980	0	2333
1734	1	1591
2160	1	1550
2424	1	793
2631	1	200
3220	1	2480
297	1	3008
1323	0	2740
1950	0	2708
3404	0	951
1869	1	2465
274	0	926
2478	0	1939
387	0	858
1134	0	3091
1303	0	1744
3295	1	2675
171	1	3163
1378	0	2884
1123	0	1687
1808	1	2114
1475	1	2548
689	0	1655
2658	1	683
3138	0	1993
468	1	595
1737	0	174
698	1	2301
1811	0	1120
1578	1	629
2924	1	1862
1675	0	2371
1840	0	573
2556	0	3323
87	1	2919
2692	0	2381
685	1	1176
665	1	1689
2571	1	847
2485	0	769
445	1	2121
3352	1	2815
3000	1	1702
2423	0	1242
3189	1	1358
1065	1	771
3262	1	1773
1054	0	2205
3118	1	1055
14	1	2385
986	1	1031
3084	1	1028
2959	0	399
3311	0	2775
2565	0	909
453	1	449
113	1	2472
103	0	2088
1699	1	679
375	0	2967
3188	0	1683
1656	0	610
1763	1	956
998	1	2533
186	1	2472
614	1	2655
433	1	2906
1691	0	346
1968	1	2175
2581	1	2734
263	0	1619
1447	1	910
1953	1	2211
2641	0	2118
143	0	1614
2881	1	2376
3230	0	2046
371	1	3082
676	1	1738
1895	0	284
945	1	2981
871	0	1340
849	1	2156
20	0	2195
538	0	2154
1350	0	979
691	1	2434
1317	1	1414
1935	0	993
181	0	3292
722	0	3025
467	1	1007
196	1	2754
2939	0	638
2193	0	197
110	1	1302
406	1	1320
2395	1	1522
3004	1	341
3013	1	1229
404	1	1281
2518	0	239
2867	1	2739
2908	0	168
2378	1	2854
355	1	615
2481	0	697
43	1	3332
2216	1	1889
2260	1	3361
203	1	2746
3154	0	1617
1351	1	2458
812	1	2120
767	0	2909
2926	1	2068
2509	1	882
1374	1	784
731	1	2469
2565	1	2484
617	1	1197
1987	1	2192
2450	0	1304
824	0	3265
299	1	493
1103	1	1091
614	1	540
3066	1	1758
1005	0	1201
2743	1	1532
1352	1	86
2187	1	1671
2984	0	142
2896	0	2256
1763	0	1096
1668	1	635
735	0	2476
43	1	915
443	1	1887
3019	1	544
181	1	1608
2092	1	3260
285	0	805
3000	1	1130
145	1	1921
2457	1	1658
2481	1	2582
781	0	155
1398	0	1165
3083	1	841
269	1	2126
648	1	1793
1720	0	831
3294	1	446
2415	1	2643
2113	1	437
944	0	2139
2794	0	2239
1801	1	3049
1543	1	228
3297	1	611
1842	1	3192
2723	0	262
2821	0	2567
616	1	3304
3015	0	3372
842	1	170
1017	1	1764
788	0	1019
3205	1	2125
2160	1	847
497	1	2841
3043	1	1631
2530	1	2472
1947	0	739
2441	0	402
1061	0	1554
639	1	1973
1269	1	579
278	1	2396
2281	1	893
1533	0	2334
1500	0	2059
2668	1	958
3099	1	579
1509	0	149
2304	0	3144
1692	0	3210
3223	0	1059
2619	0	2110
1506	0	1768
712	1	1689
171	1	1664
2954	1	684
1312	0	768
1743	0	1449
905	1	2407
48	0	1797
1795	1	2717
48	1	1677
2312	1	509
1368	1	2235
3004	1	1162
3048	0	1262
593	1	2127
3184	1	746
1363	0	3310
2748	1	1710
776	1	1575
1116	1	3183
2089	1	2015
283	0	1936
2728	1	1414
3095	0	2103
998	0	372
2034	1	764
2996	0	459
1630	0	1586
1894	0	827
665	0	765
876	0	240
2249	1	513
2955	1	2592
2742	1	2241
1772	1	3073
269	1	3288
2536	0	3415
3211	0	354
2801	1	782
1008	1	412
1722	0	2558
1244	1	2579
945	1	1572
2867	1	2609
3317	1	505
257	0	3097
2404	0	2627
1239	1	2507
2327	1	907
945	0	1540
2835	0	2255
2350	1	1751
1071	1	3280
3382	1	2012
2874	1	275
138	1	141
496	1	1761
1024	1	2203
1920	0	3370
190	0	2758
2713	0	3074
171	0	2182
161	1	265
2794	1	3264
862	1	1850
3309	1	2192
2891	0	1579
1121	1	2495
1742	0	3224
794	1	2818
2040	1	438
2631	1	3266
1326	1	2930
26	1	1852
3159	1	2382
1894	1	132
3362	1	3275
408	0	2586
1083	1	349
1440	1	2487
3103	1	2643
1405	1	1519
2344	0	3301
636	0	1718
692	0	3030
965	1	3152
884	1	1646
2551	1	1992
2425	0	851
3318	1	708
2264	1	1659
2760	1	475
235	1	1309
2597	0	3128
2490	1	2360
298	1	1403
1637	1	382
767	1	1909
3364	1	517
800	0	2315
594	0	1941
3254	1	36
481	0	2991
1116	1	2545
2862	1	1333
525	0	2074
1598	1	2115
922	1	3206
1675	1	1689
2137	1	946
2186	0	1068
3165	0	2616
3300	0	3041
451	0	888
652	1	1492
3381	0	258
1237	0	1
282	1	2497
2540	1	2615
1880	1	1678
1288	0	2816
1828	0	71
2924	0	1754
1812	1	2480
2359	0	713
1350	1	1915
2908	1	899
1404	1	1459
1552	0	2366
775	1	2953
1814	1	1826
1964	0	558
1103	1	1140
691	0	1777
1363	1	2517
3198	0	1785
778	0	2781
1252	1	2382
2069	0	835
1413	1	40
1345	1	1075
2571	0	2057
2247	1	2159
176	0	2042
2260	0	877
205	1	2944
2843	1	3268
57	1	1611
12	0	1213
850	0	515
947	1	3010
2137	1	1685
1461	0	498
3290	0	53
945	1	2077
2478	1	2073
1090	0	599
2370	1	2150
2111	1	1994
3211	1	90
1700	0	3375
2883	1	28
2973	1	3080
2248	1	3170
2134	1	2278
2171	0	3135
413	1	976
3149	1	320
1828	1	3336
3118	1	2338
983	0	1651
2608	0	114
1088	1	1918
2908	0	1733
1161	1	2940
2723	1	902
548	1	579
1874	1	579
3314	0	706
911	1	151
2248	1	511
1166	0	1369
731	0	3298
45	0	1584
1637	0	3116
286	0	234
1589	1	440
2456	1	1173
580	1	1626
2204	1	1647
2468	0	3195
1124	0	1911
2755	1	300
31	0	2091
1179	0	2905
497	1	1745
3075	0	2630
2173	0	1601
2223	1	673
2959	1	3398
3326	1	2070
467	0	2688
1869	1	1760
1719	1	2877
1009	0	2506
1508	0	1875
3124	0	1092
1946	1	1414
3236	1	1184
997	1	700
2212	1	2433
2288	1	1049
2834	1	3356
1163	0	1565
1278	1	1014
562	1	1643
1253	0	1482
1842	0	3072
2251	0	1510
1518	0	1361
964	0	1803
1129	0	1960
3033	1	1717
1024	0	2488
1188	1	202
1065	1	3405
1115	0	2269
1582	0	2576
2664	0	1725
521	0	2570
986	0	2305
2242	1	1694
832	0	1056
1090	1	852
3047	0	2123
1265	0	2475
919	1	2318
1944	0	1645
1323	1	175
3334	1	2470
1997	1	13
2966	0	3093
1856	0	3022
162	0	1587
1230	1	3142
804	1	2669
616	1	1140
2702	1	533
1535	1	3305
2845	1	267
1894	1	2169
1054	1	74
1248	1	552
504	0	686
2704	0	1114
2473	1	1933
2871	1	2201
3378	1	2785
2760	1	3150
1190	0	1468
2096	0	3125
2595	0	3071
897	1	1231
2980	1	396
3321	1	8
968	0	1956
1543	1	901
1812	0	1854
2408	1	1568
967	1	2820
2237	0	2356
832	1	867
916	0	2461
2802	0	2661
1653	0	3140
172	0	1488
2344	1	3225
1303	1	1197
1553	1	1512
295	1	938
1819	0	3038
2840	1	730
3219	1	2210
2679	1	708
1734	0	660
2138	0	3153
2355	1	2797
1995	0	2756
1618	1	2386
669	0	2922
43	1	3036
1670	1	25
1362	1	1171
3355	0	2285
981	1	112
353	0	50
1895	1	2112
1399	1	34
2415	0	612
465	1	279
2271	1	772
1376	0	1632
542	1	362
101	1	1006
1772	0	212
2237	1	1756
1345	0	3212
75	1	929
2975	0	2383
1589	0	3339
29	1	94
2131	1	3121
2342	0	2303
1065	0	154
443	0	501
3282	0	994
722	1	2733
1249	0	2027
1840	1	1013
16	0	1168
1077	1	2693
2053	0	2026
1441	1	2363
2054	1	1955
260	1	3061
406	0	2505
1528	0	1782
1169	1	912
806	1	1706
982	1	575
2847	0	3055
2894	0	1371
1570	0	2833
214	0	1759
2555	0	1989
1253	1	1221
2890	0	2763
3127	1	1966
561	0	2814
788	1	910
3013	0	2589
770	1	2852
1190	1	209
110	0	1595
667	0	3143
3119	0	1847
1794	0	723
2759	1	1051
3215	1	2678
2379	1	2533
2802	1	1414
1898	1	1382
2170	0	418
1069	1	2607
57	1	1846
950	0	2045
3241	0	3167
3379	1	1181
2209	0	3414
889	0	643
3395	1	1240
669	1	2207
2724	1	3277
1919	1	3044
1892	0	2701
3383	0	2640
1999	1	663
616	1	211
44	0	519
1991	1	1357
1957	1	1154
3145	1	2730
2957	1	3160
619	0	1513
1256	1	1574
235	1	2604
2786	1	2086
1673	1	1961
207	1	606
3115	1	38
2593	0	3279
2860	0	1871
373	1	3168
2780	0	2979
955	1	1984
3295	0	1157
2764	0	2345
143	1	1798
1743	1	642
869	1	1479
2537	1	1635
800	1	1998
1735	1	517
1425	1	816
2869	0	2391
2369	1	3137
1806	0	1210
474	0	483
1668	0	747
1692	1	1555
324	1	774
3354	0	1428
3024	0	2267
352	1	146
3382	0	2568
1364	0	391
590	1	478
2750	0	1755
845	0	2021
2249	1	180
2542	1	661
2599	1	456
2176	0	1472
854	1	1463
849	1	2607
2421	0	1037
52	1	1148
1064	1	2734
1997	1	96
2401	1	3333
985	1	840
1388	1	1414
1408	0	718
3407	0	779
861	1	696
161	0	2873
3381	1	2610
1609	1	1515
335	1	2164
950	1	1640
2323	1	1602
676	0	572
1538	0	1923
2520	1	3371
3077	0	293
1535	1	923
178	0	3397
570	0	1925
3276	1	581
2724	0	1580
1810	0	1158
2893	0	2087
2089	0	1977
3408	0	2095
715	1	499
3189	1	105
955	1	532
724	1	3050
257	1	630
1441	1	2008
1234	0	2019
1719	0	627
3383	1	1082
1372	1	2377
2117	0	2534
808	1	3394
937	1	1640
3175	0	343
1144	1	3031
2457	1	2180
2950	0	1335
667	1	1070
889	1	2389
1814	1	1133
1995	1	1596
223	1	389
2474	0	1191
1878	0	2648
2997	1	1101
2975	1	1439
2022	1	2653
3119	1	959
3048	1	582
1204	0	2464
1053	1	3113
886	1	622
2748	1	586
973	1	2836
1695	1	1503
2401	0	1212
413	0	100
1323	1	281
2915	1	1798
3172	1	2603
2130	0	3401
136	0	988
3314	1	1520
1106	0	859
2023	1	1011
535	1	1588
2828	1	2683
760	1	732
1516	0	245
1666	1	1870
566	1	1380
973	0	1788
1364	1	2901
3411	1	2607
2158	0	2611
2310	0	2353
776	1	5
1314	0	134
2457	0	1422
839	0	2777
429	1	3239
1060	0	2084
3325	1	1227
2786	1	1559
1864	0	93
3223	1	204
2828	1	318
2359	1	2684
678	1	3168
1111	0	1868
1036	1	3027
474	1	2290
1948	1	2466
536	1	674
500	1	864
3340	1	484
2536	1	1245
1385	1	2480
2712	0	1170
1084	1	755
1144	0	77
828	0	328
2850	1	365
536	1	1283
2452	1	1897
2135	1	2386
1604	1	175
2148	1	2116
2245	1	221
3220	0	3147
129	0	2876
3302	1	3329
2844	0	2652
3364	0	1929
2450	1	1349
2637	0	943
283	1	376
2950	1	579
24	0	1534
1713	1	2228
2813	0	1000
2075	1	3222
1399	0	42
3191	0	1289
2705	0	1497
3215	0	2773
2542	0	2735
601	1	2753
2264	1	3157
329	1	76
1239	1	1531
529	0	1701
570	1	2435
2426	0	1730
2160	0	865
1722	1	1196
1564	1	1186
500	1	3391
955	1	2906
485	1	2472
2400	1	2525
3019	0	400
203	0	1337
580	0	2928
2342	1	85
1247	1	3182
861	1	2674
3051	1	2554
1698	1	2332
2956	0	358
496	0	2076
1363	1	3207
2890	1	1769
1712	1	557
1838	0	2177
1861	1	2200
2274	1	1383
3408	1	2774
2638	1	2293
1999	1	3255
1737	1	1965
3070	1	1521
1823	1	2945
3211	1	3156
2092	1	395
1827	1	1766
3230	1	3174
2216	0	2624
1778	0	2206
78	1	2529
2171	1	645
2704	1	3069
1924	0	987
2173	1	2557
1546	0	1118
2358	1	2769
3231	0	1026
2850	0	2286
2799	0	3081
1164	1	3158
3129	0	1347
248	1	710
3311	1	2745
2634	0	309
967	0	366
1427	1	1640
1968	0	2048
3204	1	2807
3051	0	1174
3040	0	2328
2844	1	1016
2613	1	3343
1413	0	3201
903	1	1706
2296	0	3242
452	1	672
3053	0	1417
1820	0	3237
2828	0	3148
788	1	2270
189	1	2564
2223	0	1883
778	1	332
297	0	492
238	1	2001
277	1	733
3223	1	368
2828	1	339
1038	1	874
2799	1	363
2425	1	1394
3354	1	2965
3129	1	1375
1552	1	2495
1505	1	1272
2129	1	2623
3256	1	2687
371	1	1646
3290	1	2603
3088	1	1202
2215	0	1257
2248	0	2941
1607	0	796
2379	0	2830
1440	1	2878
3314	1	454
1622	0	2811
3107	1	829
2939	1	3213
2957	1	2233
54	1	1006
1881	0	2300
1822	1	743
1230	0	801
2341	1	949
2358	0	924
981	1	1430
2421	1	2141
1946	0	1448
1731	0	811
1988	1	503
2176	1	728
185	0	752
1239	1	1859
869	1	2489
2138	1	2917
2050	0	2948
1501	1	1052
2250	0	526
2452	0	2272
806	0	2093
422	0	1752
494	1	259
1152	1	125
2713	1	424
2414	0	122
2050	1	2933
2069	1	3331
138	1	1465
2622	0	651
1948	0	2539
392	0	2080
2106	0	1400
2018	1	2386
1541	1	2925
1372	0	1527
2969	0	2667
1622	1	70
1638	1	2696
2043	1	3307
866	0	3108
3209	0	989
1666	0	401
2514	0	315
1836	0	2428
3348	0	2152
2075	0	2294
709	0	0
57	0	2471
3193	0	1690
1305	1	2632
3373	1	3079
2165	0	1316
1124	1	291
1811	1	1001
2996	1	1431
322	1	2398
2083	0	543
2960	1	1633
3376	1	1047
1198	0	1985
1609	1	550
2131	0	632
55	1	2192
3056	1	2375
562	0	3139
542	0	1599
1122	0	2109
1502	0	3257
2891	1	1328
457	1	2782
2654	1	1414
2621	0	3155
1225	1	1414
1111	1	1545
1656	1	510
1009	1	1967
1406	1	1775
536	1	3203
3407	1	3002
535	1	121
278	0	587
145	0	227
1259	1	348
982	1	2823
722	1	2823
2750	1	242
2784	1	3028
850	1	2687
75	1	2231
2947	1	2302
3229	1	3121
3376	0	2196
298	0	1172
16	1	2527
1518	1	3410
614	1	2361
2281	0	247
1509	1	2107
1849	0	2500
1432	1	1933
1558	0	1802
996	1	2028
230	1	1545
1771	1	104
1399	1	2657
3166	1	1022
654	1	1395
2348	1	2067
1837	1	11
694	1	569
2556	1	2512
248	0	3322
1999	0	407
2388	1	1035
1507	1	2447
654	0	1099
2083	1	2494
1549	0	33
2511	1	333
2651	0	1833
781	1	1410
3191	1	1285
3189	0	2892
2831	1	1414
1084	0	1039
2245	0	3342
1778	1	1796
1311	1	2480
590	0	2140
2834	0	3296
1530	1	1672
1997	1	1978
1166	1	428
1194	1	1085
1530	0	939
1895	1	777
2671	0	2035
1972	1	1414
1776	0	3020
749	0	933
2720	0	2900
1076	0	1548
944	1	1855
1002	1	3253
2424	0	2094
2440	1	2800
3396	0	1438
756	0	1779
133	1	2963
648	0	1044
2213	1	1291
172	1	1284
1726	1	705
1834	1	2510
1327	1	2550
379	1	579
1290	1	2839
1363	1	3246
1638	0	555
1243	1	2942
1121	0	682
2593	1	1736
453	0	3271
580	1	3178
1050	0	1470
1829	0	18
286	1	1241
2179	1	2711
2242	0	1322
2664	1	3400
58	1	3029
1612	1	1625
2124	1	719
2341	1	3203
1665	1	3042
798	0	2280
3303	1	2297
312	0	2647
1327	0	1853
1502	1	462
2337	1	3307
2311	1	49
648	1	2660
2135	0	2879
830	1	1433
3383	1	864
556	0	928
2491	1	2617
422	1	2024
1562	0	1799
1561	1	1207
1607	1	940
1243	0	2783
1126	1	3152
319	1	1390
722	1	1214
2105	1	2192
1944	1	1473
2829	0	2863
324	1	650
2898	0	762
1415	0	2017
3083	0	1251
813	1	2339
1892	0	894
2881	0	655
2825	1	2265
2866	1	3218
1954	0	1325
1374	0	2895
98	0	327
2420	0	2052
263	1	2240
3383	1	3391
870	1	2706
1002	0	2886
2213	0	1086
2069	1	3063
1247	1	2224
1856	1	3105
3000	0	2002
2394	0	2146
1743	1	2011
930	0	3216
1623	0	2145
1311	0	1276
2946	0	123
636	1	84
1538	1	2451
1195	0	999
1508	1	2995
2601	1	744
3411	1	2188
2519	1	2746
1650	0	1800
1248	0	115
1726	0	3114
3095	1	1830
3373	0	1613
1116	1	1981
2281	1	3285
3276	0	3320
1980	1	384
3001	1	116
2292	1	2659
2519	0	671
883	0	701
1010	1	1185
296	1	2699
2276	0	1686
2314	1	1469
824	1	3021
1321	1	3073
2908	1	931
922	1	549
798	1	3183
1505	0	664
2960	0	2071
2741	0	761
176	1	232
43	1	107
905	0	783
1182	1	1313
2198	0	1639
981	0	3368
978	0	337
2034	1	1167
1543	1	1029
2926	0	2868
2690	1	914
139	0	3123
2523	1	1900
3146	0	2430
2092	0	585
616	0	1714
2457	1	1033
3197	1	331
2445	1	19
2	0	3284
1878	1	1962
1970	0	1942
468	1	3203
1863	0	900
443	1	1006
2296	1	2949
1440	1	3185
1393	0	1315
14	0	184
452	1	1865
2559	0	1040
1882	1	1453
2424	1	878
2260	1	695
1922	0	1100
1543	1	287
3145	0	471
2828	1	1214
2613	0	1705
1067	0	1307
3159	0	2340
2212	0	2768
2665	1	2952
1442	1	1258
2646	1	2906
3317	1	1279
2336	0	2962
2063	0	2364
1260	0	748
616	1	2993
1406	1	1610
2326	1	1183
1817	1	2411
101	0	1280
136	1	1914
903	0	626
157	1	1899
2023	0	725
3334	0	1551
295	1	628
1837	0	272
397	0	2606
1691	1	2719
798	1	2545
361	1	1156
2772	0	2044
1971	0	1857
1971	1	3247
3321	1	2618
1987	0	2254
312	1	362
625	1	2403
1912	0	3164
2351	0	3306
2845	0	1831
2923	1	2168
156	1	2192
996	1	2639
1088	1	1320
2165	1	3360
301	1	3412
2129	0	773
2106	1	1654
2025	1	250
2621	1	1359
324	0	662
955	0	2932
727	1	1481
1256	0	2390
757	0	3365
2622	1	1148
3111	1	2754
825	0	2100
1604	0	1094
1771	0	3341
1820	1	1093
1461	1	2682
3173	0	745
985	0	1815
434	1	2192
178	1	1300
1352	0	2989
3005	1	2715
1314	1	3003
1533	1	2192
996	0	2000
804	0	2236
3273	0	3162
51	0	2049
1653	1	321
866	1	153
2896	1	1841
2244	1	2943
1501	1	1150
982	1	13
2831	0	3413
1818	0	2549
1894	1	753
3075	1	1927
27	0	3406
990	1	2039
2005	1	356
2947	0	637
273	1	2486
536	1	2585
1475	0	1903
757	1	1022
861	0	553
1362	0	2031
3084	1	1483
3220	1	3028
2441	1	512
2813	1	30
1237	1	2541
1528	1	1876
297	1	1178
1332	0	46
3293	1	2914
2288	1	1749
2289	0	1104
960	0	2822
2645	1	934
2964	1	2270
2323	0	2594
3070	0	2976
230	1	568
790	0	953
266	1	1703
2179	0	347
678	0	1682
24	1	1476
2130	1	2200
301	0	1930
127	1	3034
2111	0	1421
2923	1	198
2137	0	2628
2810	1	380
1440	1	1681
266	0	1747
685	0	763
3337	0	1180
2673	0	1723
2158	1	2284
2137	1	270
1187	1	2919
1408	1	524
594	1	656
2956	1	2572
1834	0	848
2392	0	2155
1179	1	254
3226	0	2912
444	1	1074
273	0	3096
1621	0	2808
1009	1	2339
2400	1	435
2634	1	1689
1116	1	2463
207	0	2307
3302	0	2393
2069	1	1597
1103	1	148
2420	1	3168
2053	1	2192
2032	0	1739
233	1	1616
1805	0	292
3244	0	1877
574	0	3110
1169	0	1600
1919	1	3101
2277	1	2737
255	0	447
1115	1	3281
2637	1	1774
3379	0	2219
957	1	3416
161	1	1268
2956	1	659
2597	1	1450
1567	1	1750
2421	1	2793
2850	1	3390
477	0	2099
58	0	1208
3358	0	2047
1484	1	3286
468	0	111
2129	1	1487
1822	0	2317
1972	0	3134
3039	0	2970
614	1	394
477	1	2578
2864	0	3221
1107	1	2697
1621	1	1281
1821	0	1904
871	1	2472
3209	1	2910
2685	0	3057
537	1	415
870	0	1983
1807	1	3186
2078	1	2055
2514	1	1588
1381	1	815
3098	1	1557
2183	0	1095
2509	1	803
3404	1	175
3395	0	1679
1499	0	792
3220	0	1833
20	1	3037
2312	0	1080
3244	1	2533
614	1	1544
636	1	1302
1598	0	1097
1381	0	1018
1724	1	1414
157	0	2727
707	0	2122
2492	0	1360
1129	1	1013
1991	1	3328
2538	1	1787
3012	0	3014
1499	1	2156
488	1	2207
3321	0	2449
2724	1	1418
2601	0	2036
1606	0	2331
937	0	1577
2523	0	1435
2274	0	2887
3161	1	363
785	0	1707
2798	1	1593
3378	1	340
2018	0	137
2406	0	2935
3317	0	2029
233	0	516
2862	0	2462
3099	0	1287
652	0	2804
375	1	1075
2310	1	244
2799	1	2417
355	0	2184
2889	1	545
1543	1	1949
3273	1	213
1814	0	2718
1808	0	3403
1195	1	2531
2798	1	3035
185	1	2942
886	0	2974
1032	0	2532
2063	1	3187
387	0	194
187	1	2707
1525	1	2776
108	0	1804
2384	1	1741
2673	1	1879
2826	0	1844
1102	1	1087
1680	0	126
1920	1	1439
1423	0	3176
3219	1	1466
3188	1	932
2702	0	1867
2665	0	541
1122	1	582
3011	1	3194
54	1	351
3282	1	289
2593	1	3347
2013	1	2149
2025	0	2405
600	0	2007
3326	0	2916
3262	1	1916
2825	0	3409
1192	1	1412
1373	1	2734
2759	1	92
3229	0	1556
2518	1	2443
759	1	1662
1564	0	2157
3325	0	3291
2477	0	1462
776	0	334
1060	1	1093
3319	0	817
3197	1	3177
485	0	1021
785	1	2268
1653	1	579
1644	1	2929
302	0	2590
1204	1	2983
3004	0	486
2221	1	1078
1062	1	2943
374	0	819
1385	0	2422
2828	1	2851
1838	1	1155
2821	1	308
838	0	1250
2187	1	1338
522	1	1928
3169	1	984
3056	0	1446
2050	1	1215
633	1	826
3219	1	853
1182	0	2427
2244	0	3269
3348	1	249
1083	1	2299
1419	1	814
525	1	3208
1827	0	2234
2874	0	908
1057	0	1676
120	0	2842
1351	1	1138
2553	0	1866
1386	0	2143
1161	0	2020
3344	0	1457
2148	0	3106
1771	1	795
1116	0	1617
2801	0	2066
884	1	2838
3132	0	2177
600	1	1219
968	1	1824
2755	0	2030
1892	1	666
689	1	2587
2936	1	3351
619	1	480
373	0	2907
1339	1	231
48	1	317
854	0	7
1504	1	1268
726	0	3263
1684	0	3038
1919	1	3045
983	1	530
2170	1	2605
1612	0	823
2891	1	2402
883	1	2653
1228	0	2726
1290	1	2257
2835	1	2293
1892	1	2516
1806	1	2397
214	1	1648
133	0	559
1256	1	1189
226	0	1945
740	1	3287
1934	0	2677
2530	1	2574
1195	1	193
1970	1	1420
838	1	2295
3131	0	560
1878	1	2208
2128	0	1932
2787	1	2412
2348	0	2872
1634	1	2432
2341	1	2104
964	1	2985
352	0	463
828	1	2610
1441	0	2062
1367	0	360
196	0	1740
2050	1	1708
945	1	1494
1843	1	2453
2421	1	1539
1404	0	6
1409	0	390
3009	1	1660
922	1	1885
2081	0	1721
2081	1	3136
1017	0	3076
625	0	2644
2847	1	1377
687	0	1392
2221	0	450
1464	0	1590
2387	0	455
489	1	1636
965	0	2918
1297	1	1917
496	1	2765
523	0	1128
1050	1	2349
106	0	3006
2022	0	280
1937	0	2747
491	1	441
2565	1	1306
2014	1	271
2540	0	621
561	1	4
1823	0	1411
991	0	3357
2671	1	1224
72	0	3299
714	1	2382
1249	1	79
2474	1	1456
2946	1	921
404	0	1789
2132	0	3327
2358	1	597
1228	1	658
3175	1	1661
1423	1	1394
2406	1	1139
1630	1	275
963	0	2163
1484	0	1141
1874	0	421
1480	1	1517
1959	1	1674
1239	0	1982
22	0	2499
3262	0	1113
996	1	1893
430	1	307
2859	1	1571
3054	1	1391
593	0	1693
2359	1	2372
3154	1	479
1592	0	1460
845	1	2085
884	0	920
2801	1	2065
1813	1	3196
2571	1	1550
1025	0	173
692	1	1952
1781	1	2544
2595	1	56
2997	0	640
152	0	2262
2806	1	1640
335	0	868
740	1	1298
1076	1	1511
3171	0	336
529	1	2987
1728	0	3387
1451	0	2416
3316	1	517
2404	1	2448
3231	1	3399
21	0	432
2955	0	166
2788	1	1640
1440	0	3274
2601	1	1696
1869	1	1108
301	1	3363
614	0	1809
2198	1	758
1294	1	1529
3124	1	603
3047	1	1336
3316	0	1193
580	1	244
1025	1	2550
488	0	2051
3146	0	179
2414	1	1796
3297	0	514
2642	0	1045
1776	1	674
3149	0	1015
2898	1	1792
3378	0	1416
500	0	219
1776	1	1283
1425	1	2107
631	0	3238
1905	1	359
1898	0	2700
1188	0	2875
2355	0	2666
1406	0	1266
489	0	261
1997	1	132
2595	1	623
452	0	520
2306	0	604
301	1	2380
1103	0	1627
1427	0	3248
387	1	163
392	1	1041
1236	0	2220
2521	0	195
2384	1	2682
2014	0	634
355	1	47
2292	1	1732
3259	0	2444
1206	1	737
444	0	809
2871	1	2230
2520	0	2362
1712	0	3228
1269	1	321
680	1	602
3220	1	1780
162	1	3174
2187	1	1478
982	1	251
2791	0	2322
3262	1	1429
2492	1	2185
2826	1	3185
1076	1	1537
1720	1	1355
2691	0	1212
2491	0	791
849	0	1491
1937	1	3028
1442	1	3250
1500	1	2060
1880	0	2598
3315	1	1006
698	0	1397
2090	1	3335
712	0	1267
3015	1	1016
2964	0	229
1050	1	3104
136	1	1657
405	0	3016
10	0	2977
465	0	2202
1975	1	855
490	0	2732
2341	0	2573
2840	0	1628
812	0	2988
1386	1	860
3117	1	814
2273	1	2992
2043	0	2162
1415	1	3283
238	1	2232
1585	0	2858
2980	1	910
3084	0	2308
759	0	458
2384	1	699
1294	0	2676
37	0	895
88	1	1615
3352	0	589
1794	1	271
3132	1	2501
1146	1	2584
2883	0	647
1305	0	1757
687	1	2119
214	1	822
649	1	2418
1715	1	345
274	1	2480
113	0	3064
3087	1	9
2222	1	201
207	1	83
1817	0	2513
1881	1	596
54	0	531
566	0	2365
2395	0	1295
1038	0	290
1067	1	880
992	1	2925
2791	1	3388
1009	0	357
2289	1	1706
324	1	736
3258	1	2522
1069	1	2156
1057	1	160
364	1	2770
639	0	863
2563	0	3233
862	0	192
1069	0	693
889	1	1296
3344	1	2649
44	1	2367
3337	1	2319
152	1	2238
106	1	2921
1606	1	476
2635	1	2795
1698	0	1727
1169	1	1331
303	0	2429
775	0	252
1305	1	381
1252	0	164
196	1	564
1475	1	961
1206	0	2191
2490	0	609
1017	1	3338
2485	1	2496
398	1	188
778	1	2552
12	1	3218
1278	0	927
548	0	2324
2106	1	2098
1861	0	338
735	1	1444
2709	0	668
1451	1	1270
1924	1	3251
2794	1	2920
1920	1	703
2357	1	1463
3324	1	165
1634	0	567
2133	0	690
2806	0	1629
978	1	1443
2670	0	641
408	1	3007
156	0	898
2032	1	608
750	0	1445
1505	1	1012
3303	0	2144
2712	1	410
1405	0	3366
3393	1	1004
1609	0	2722
2408	0	140
1461	1	1741
997	0	1342
3318	0	1218
2729	1	1992
2	1	2107
1665	0	3109
749	1	243
2947	1	834
1971	1	1072
522	0	1452
2148	1	738
2217	1	995
269	0	1048
2971	1	250
3087	1	2335
2509	0	2736
2281	1	3174
3396	1	2178
3254	0	1264
537	0	598
1905	0	2757
282	0	1791
1902	0	1848
963	1	1353
2658	0	1514
1894	1	96
1990	0	837
2440	1	118
2551	0	2181
2009	0	1547
1807	0	2824
2161	1	39
1912	1	972
2546	1	1669
434	0	2438
3054	0	2455
3355	1	2562
22	1	1200
3089	1	2805
1776	1	3203
2069	1	843
1688	0	2761
1373	0	1904
3256	0	177
2866	0	1334
2694	1	2968
1194	0	158
1187	0	2226
489	1	2999
2069	1	644
1634	1	1112
2368	0	918
1083	0	1174
1715	0	2535
3107	0	2566
374	1	534
1063	1	936
1504	0	305
1567	0	1940
548	1	321
120	1	2197
1874	1	321
1823	1	2004
1225	0	2313
445	0	2636
167	1	2569
3223	1	975
872	0	1424
430	0	1896
1670	1	1209
2005	0	236
2369	0	3386
2034	0	3313
2187	0	1149
2846	0	1524
963	1	1105
2829	1	2503
2281	0	2853
3070	1	3377
230	0	3392
2772	1	2958
523	1	2698
1136	1	472
3293	0	2493
2828	1	1832
2694	0	605
922	1	2911
1894	1	2680
2964	1	1370
3089	1	887
127	0	2229
2881	1	3270
2511	0	2190
2304	1	1301
2915	0	3289
2860	1	1226
2996	1	2790
52	0	32
117	0	780
1499	1	2607
1032	1	1271
1126	0	890
2975	1	703
452	1	1762
1680	1	702
2400	0	917
3086	1	2472
481	1	1443
957	0	23
2043	1	3351
3411	1	2156
1426	0	3234
1398	1	2596
578	0	1324
925	0	1282
1393	1	2818
2656	0	109
1813	0	1485
2350	0	528
2798	0	1203
2581	0	875
2321	1	1860
1535	0	2347
1582	1	3026
276	0	1343
1050	1	857
3259	1	1640
3171	1	342
2445	0	1583
3115	0	1233
397	1	446
319	0	237
299	0	1910
2251	1	442
2193	1	3272
1351	0	1986
3315	1	1545
813	0	206
960	1	2480
2608	1	3158
2117	1	2698
2588	1	144
1326	1	1066
1064	0	448
226	1	844
3278	0	66
1543	0	2479
2113	0	3261
2374	1	2607
1558	1	2903
2538	0	264
1726	1	892
1437	0	2716
578	1	267
1742	1	797
3012	0	3199
2392	1	3179
2368	1	1043
919	0	2870
832	1	218
2638	0	3200
2646	1	527
322	0	210
2817	1	1414
2936	0	576
798	1	1981
922	1	2467
2871	0	1835
1546	1	487
1366	1	2101
2555	1	846
3126	0	2749
189	0	1458
1447	0	1455
3033	0	641
2559	1	1384
3127	0	3249
2990	1	565
1436	1	836
1260	1	460
2009	1	2015
897	0	2058
1731	1	1079
1297	0	2166
2384	0	1238
1795	0	1132
962	1	102
117	1	2172
3402	0	2766
2926	1	1576
1999	1	754
310	1	1148
1123	1	2778
3191	1	1023
1922	1	2214
2271	0	1979
680	0	2848
2869	1	423
1999	1	2373
1062	0	551
2287	1	2472
2798	1	150
3223	1	1858
538	1	2812
3204	0	1127
925	1	2865
2742	0	1211
451	1	1075
3294	0	1261
1724	0	1854
2859	0	3308
1003	0	1746
1321	0	2714
2690	0	966
55	0	3094
1753	1	507
379	0	2409
726	1	388
2394	1	3042
556	1	2194
383	0	169
1553	0	416
10	1	3058
649	0	716
277	1	464
1389	1	199
2954	0	1020
1695	0	3141
2337	0	1845
1288	1	2938
2078	0	2291
26	0	183
1688	1	2515
2629	0	89
222	1	896
3236	0	3385
1864	1	147
2546	0	294
304	1	3328
1720	1	2298
2528	1	1292
991	1	69
2752	0	1454
59	1	1996
2124	0	1299
1442	0	495
2314	0	2998
1713	0	2006
2867	0	2827
2691	1	3353
2426	1	470
2692	1	704
1005	1	2524
2440	0	1493
2337	1	3351
2685	1	1275
1957	0	1216
2817	0	2309
3295	1	2882
1125	0	1641
1543	1	873
750	1	2153
2764	1	2927
2326	1	124
379	1	3367
964	1	2156
371	1	2838
1699	0	60
129	1	906
98	1	436
2894	1	1220
1024	1	1159
2054	0	2259
3066	0	734
490	1	3060
2209	1	2561
1974	0	2855
3350	0	97
2752	1	362
2936	1	1709
1805	1	2580
1948	1	2625
3018	0	1490
1123	1	426
189	1	879
2040	0	1293
408	1	182
2954	1	970
962	0	2279
1419	0	1109
1088	0	974
1111	1	568
1801	0	1365
2320	1	1786
1882	0	1951
3411	0	2547
3197	0	584
379	1	677
2923	0	2650
1259	0	935
521	1	3032
304	0	288
884	1	3082
947	0	1310
2400	1	1277
2249	1	1620
3350	1	1816
3012	1	1729
2803	1	941
3043	0	439
2288	0	547
1061	1	2796
2654	0	1624
1618	0	954
3317	1	1958
2274	0	1027
2966	1	367
1146	0	1489
1461	1	699
453	1	1263
2069	1	787
2249	0	2626
1005	1	5
1888	1	563
468	1	1573
1974	1	1139
1077	1	3202
2705	1	2015
2133	1	2797
3103	0	2102
2134	0	482
2729	0	1319
2633	0	325
303	1	362
1670	0	502
802	1	2865
187	0	620
3166	1	473
2787	0	2033
3258	0	3240
2483	1	2283
760	0	17
3001	0	2789
3146	1	170
2984	1	1783
3009	0	62
1312	1	1329
1753	0	2459
2896	1	591
276	1	1209
1810	1	705
1950	1	705
1192	0	2672
152	0	253
1386	1	1790
709	1	316
302	1	2614
1426	1	1943
2413	1	1517
176	1	2681
1947	1	2600
1247	0	80
2703	0	2316
2351	1	1093
3024	1	330
1288	1	1486
1367	1	2526
1836	1	2934
1819	1	344
1652	1	2038
285	1	1891
1152	0	1872
3282	1	61
457	0	1663
1234	1	2200
3087	0	1232
2703	1	675
1464	1	2329
2388	0	82
1878	0	220
2635	0	1770
1869	0	1667
1905	1	2266
770	0	1160
1623	1	1901
798	1	2463
1135	0	130
3019	1	741
3223	1	751
2530	0	592
3198	1	729
2217	0	613
1501	0	15
1997	0	1387
1326	0	1496
2387	1	2885
310	0	1906
225	1	3090
3118	0	1765
3205	0	3151
2971	0	68
75	1	67
922	1	1396
2704	1	8
2320	0	980
1821	1	2734
429	0	2064
3053	1	603
2843	0	427
2306	1	73
1368	0	420
101	1	571
2780	1	480
1894	1	2072
91	0	2880
2287	0	1217
1504	1	265
3184	0	2856
2750	1	646
1152	1	1042
2743	0	2937
2423	1	1998
872	1	1563
2728	0	3413
1389	0	2275
2090	0	2994
21	1	952
235	0	385
1642	0	1308
2204	0	3067
2342	1	1098
2599	0	1143
1166	1	1523
2969	1	1711
139	1	3133
3086	0	3068
1399	1	175
2695	0	810
364	0	2620
3352	1	365
207	0	95
1290	1	2282
491	0	2710
2553	1	1348
2695	1	3062
574	1	3059
185	1	2070
3166	0	2454
2629	1	1596
715	0	2904
2670	1	1717
1863	1	1873
1990	1	3346
3173	1	546
1888	0	881
1499	0	2142
3215	1	2899
29	0	2446
2132	1	1890
3362	0	2913
37	1	2725
2950	1	321
255	1	3232
2264	0	386
1959	0	1884
1366	0	403
1136	0	2498
51	1	3312
504	1	1414
2631	0	2263
1907	0	1931
2292	0	2437
1894	1	1603
3089	0	2663
2013	0	2689
3226	1	2330
138	0	904
329	0	1963
1700	1	2600
2336	1	1402
31	1	2480
1607	1	1704
167	0	135
2509	1	1477
1164	0	1246
2646	0	3085
3319	1	1943
2105	0	624
1090	1	2972
2784	0	1448
2633	1	2151
992	0	1254
535	0	2508
1269	0	417
1652	0	3384
1332	1	708
1003	1	1495
1592	1	1443
295	0	1649
2136	0	3245
103	1	2861
714	0	1330
1071	0	1177
1244	0	1030
1728	1	2016
1650	1	2167
1964	1	720
2956	1	1851
1134	1	370
3005	0	2888
1399	1	469
2250	1	350
1919	0	63
756	1	409
91	1	2225
1125	1	2192
1152	1	506
2656	1	807
1902	1	891
3018	1	466
1409	1	1594
108	1	3369
2957	0	3389
131	1	431
2973	0	653
3358	1	191
3161	0	3120
1975	0	2037
3117	0	1109
301	1	3130
1437	1	1131
3077	1	2192
969	1	326
468	0	1356
2679	0	2243
1673	0	2602
1562	1	2003
1053	0	99
1684	1	344
536	0	2744
45	1	820
861	1	2147
794	0	2662
3011	0	2792
3131	1	2943
75	0	2189
2222	0	2253
2990	0	2809
724	0	1175
631	1	2612
2543	1	1199
1688	1	175
2846	1	2482
3165	1	2580
190	1	2108
238	1	3227
276	1	3112
2577	1	1137
3278	1	369
2864	1	1089
813	1	2246
361	0	2399
808	0	2439
2936	1	1467
1436	0	1401
277	0	942
27	1	3374
2759	0	1697
1642	1	2325
75	1	1542
387	1	2354
3172	0	1407
131	0	3046
3126	1	1796
617	0	766
601	0	2041
