812	0	496
2068	0	1226
1342	1	1850
1883	1	177
647	1	341
92	1	1227
1869	0	191
1332	0	313
1602	1	422
2554	0	718
194	1	2185
1887	0	445
1059	0	999
1047	0	644
635	0	439
478	0	2226
2062	0	865
1242	0	2231
1550	0	1087
2297	0	664
1576	0	1974
278	1	944
2618	0	1902
506	0	2397
719	0	1187
1385	1	1537
424	1	368
2606	0	1496
508	1	53
1418	0	836
504	0	1268
2138	0	1327
1238	1	221
1254	1	929
525	1	1263
1161	0	2327
443	1	1731
2207	0	2172
2374	0	2077
1843	0	2656
1288	0	1317
573	1	939
946	1	260
1962	0	2524
1146	1	837
507	1	552
1732	0	276
875	0	819
2594	1	2023
1315	0	1885
1118	0	336
124	1	253
310	1	558
2199	1	325
1028	0	833
904	1	2211
619	0	2417
2124	0	2494
1238	0	979
639	0	714
401	1	1252
754	1	2276
1590	1	1649
2223	0	2127
1048	1	1295
217	1	1035
2213	1	433
1472	0	2266
503	1	377
1286	0	532
1851	0	1115
1603	0	2451
1880	1	2096
1408	0	1874
705	1	2036
454	1	2523
1864	0	1189
882	1	870
1820	0	1553
2013	0	1365
2047	0	1695
421	0	2589
509	0	168
1756	0	2067
610	1	1265
1763	0	1890
432	0	1167
1781	1	1381
1128	1	1842
2629	0	2177
1108	1	952
370	0	1137
1660	0	2107
2615	0	2214
2149	0	747
946	0	2168
1102	1	1841
1568	1	2544
2026	0	674
1830	0	1651
1603	1	860
1141	1	2250
1223	0	2339
2538	1	1414
384	0	1321
2654	0	597
10	0	518
282	0	1306
316	0	829
362	0	802
728	1	669
448	0	2498
665	1	1461
302	1	2015
1131	0	330
2309	1	1044
2489	0	1100
1286	1	543
2564	0	1755
1086	0	152
1150	1	1658
104	1	1021
665	0	1509
2387	1	1062
1534	0	780
1316	0	2409
2049	1	446
108	0	1328
2328	1	1808
598	0	1362
1714	0	1199
238	1	1888
1616	0	404
858	1	1127
2358	1	1061
566	1	1079
304	0	1401
426	1	1484
2357	0	698
1298	0	301
571	1	1776
469	0	291
1339	0	1271
2416	0	1211
38	0	1533
17	1	1498
2459	0	390
1183	1	1177
1728	0	2267
1877	1	1720
996	0	2607
1064	1	1943
1622	0	1858
1012	1	97
105	1	2477
1110	1	1596
921	1	240
601	1	2362
1298	1	1996
1224	1	121
1080	0	592
364	1	594
2198	0	1937
461	0	1923
941	1	730
601	0	414
1554	1	2448
1458	1	2330
2600	1	2038
51	0	916
1454	1	1512
2328	0	1998
632	0	141
2126	1	1855
51	1	2081
212	0	408
2369	0	1878
1325	0	2208
332	0	1069
361	0	1310
1029	1	2184
2441	0	1304
2315	0	1809
374	0	1375
373	0	1114
670	1	351
60	1	1333
2147	0	1668
893	0	883
28	1	1719
875	1	1543
667	0	2064
2288	0	1060
1016	0	930
2034	0	540
1953	1	484
360	1	1863
2140	1	2501
127	1	797
60	0	1957
1110	0	2452
1573	1	604
2212	0	2261
1585	1	2351
508	0	2379
1243	0	2571
1340	0	1648
1705	0	2569
1163	1	382
1845	0	1409
648	0	792
1845	1	25
957	1	1707
859	0	868
1059	1	587
2479	1	1831
1644	1	901
45	1	2100
2017	0	2617
1111	0	237
1153	0	1557
1945	0	2187
2124	1	1140
2210	1	123
1462	0	2497
1617	0	1506
1417	0	33
162	0	2440
2331	0	964
889	0	2252
2236	1	1038
2236	0	2055
2088	0	2438
450	1	1214
1973	0	1001
1297	0	1410
945	0	2237
1315	1	582
2337	0	1615
2515	1	1941
1593	1	615
1548	1	1010
463	0	1743
857	1	34
1598	1	1606
2021	0	255
82	0	2272
1502	0	1344
635	1	214
2147	1	483
2439	0	479
800	0	1466
1015	1	2419
82	1	623
2057	1	146
2337	1	1921
2152	0	2157
1900	1	1870
2398	0	280
2457	0	205
1400	0	1270
1680	0	1018
1717	1	187
1297	1	616
1540	0	1477
2151	1	1220
1843	1	1587
2386	1	490
2371	1	1273
2151	0	1673
675	0	1425
1495	0	2191
2522	1	673
233	1	1287
2556	0	464
1980	1	8
218	1	1318
2388	1	1313
397	1	2558
2033	1	2382
504	1	1094
688	1	150
256	0	1361
559	1	419
79	0	1912
2455	1	2256
2457	1	1022
1791	1	887
1453	1	222
2623	1	2593
1733	1	797
2429	0	2159
622	0	1711
2286	1	356
684	0	1565
560	1	806
2506	0	70
1314	1	1556
28	0	2082
983	1	252
2251	1	1159
2537	0	2134
1163	0	131
2489	1	1491
1626	0	1043
1489	0	1551
821	0	761
1990	0	2378
1785	1	686
235	1	1026
1939	0	292
630	1	1260
624	1	685
2615	1	287
1324	1	1225
782	1	1455
1008	0	2171
608	1	920
990	1	751
700	0	251
1786	0	2254
1299	0	1041
1418	1	2541
2479	0	1914
1609	0	2116
1472	1	2372
1602	0	357
1765	1	2516
372	1	1138
1942	0	1352
2297	1	942
2223	1	23
1573	0	2580
914	0	1976
1086	1	2482
1342	0	1063
563	1	771
2251	0	1522
1458	0	1356
2305	0	1486
1958	1	1098
1985	1	1663
1255	1	2087
878	0	633
2232	1	2412
450	0	2282
985	1	2135
1876	0	2461
58	1	2496
296	1	2533
2388	0	1769
1490	0	1230
1254	0	2008
183	1	1901
2522	0	2060
2480	1	2393
2141	1	303
2568	0	2240
2058	1	793
1129	0	775
1744	0	1355
611	0	550
254	1	31
647	0	413
1462	1	1649
1475	1	1026
1416	1	2311
904	0	2639
1123	0	286
851	1	546
2651	1	975
2076	0	489
130	1	1696
1206	0	1577
1595	0	26
1664	1	1901
264	1	1061
296	0	1411
769	0	2638
2092	0	402
133	0	840
847	1	2029
602	1	774
323	0	841
1364	1	991
1040	0	846
1473	0	2142
444	1	2007
470	1	799
400	1	354
1215	1	848
935	1	1788
2249	0	2019
2413	0	834
198	0	2645
980	1	1294
1980	0	927
1806	0	1740
1665	0	1497
2530	0	835
1898	0	2491
410	1	457
323	1	2611
2504	1	1359
953	0	2102
174	1	1663
1412	0	2270
2239	0	876
1960	0	2234
1836	1	2519
110	0	193
1166	0	681
1207	1	1061
2637	1	642
2309	0	1710
2315	1	223
531	1	888
1844	0	2562
567	1	349
1017	1	1217
1827	1	2396
1109	0	890
1075	1	1635
485	1	736
2576	0	1311
842	1	1516
735	1	1760
907	1	1988
1549	1	465
1826	0	331
442	1	1442
211	1	1140
1541	1	2224
38	1	1192
1644	0	1875
654	1	765
1597	1	1336
488	0	2512
2493	0	165
707	0	259
1993	0	2492
658	0	96
1942	1	1354
2030	1	2158
1732	1	1061
1637	1	1982
1403	0	2091
1589	1	497
738	1	244
418	1	1330
978	1	142
1819	1	1347
1766	0	1682
1738	0	2472
158	0	1538
969	1	2605
1239	1	1419
1282	1	2521
210	1	1861
522	0	1722
1427	0	919
2436	1	2144
1454	0	1432
1235	0	2156
2284	0	1564
461	1	1959
103	0	2255
659	0	864
2281	0	2465
1370	0	1105
577	0	1700
2657	0	1613
1053	1	1666
732	1	2132
607	0	2430
2200	0	132
1148	0	1580
2121	0	1594
1818	1	2108
1132	0	1562
2575	0	691
906	0	1860
2572	1	866
40	0	1856
2012	0	2268
1994	1	2449
536	1	1422
2540	0	1312
1595	1	2046
1012	0	85
14	1	818
2426	1	2194
907	0	1992
1739	1	2183
1426	1	1780
1182	0	2432
992	0	1712
1445	1	2349
2537	1	2035
1340	1	78
1796	0	355
767	0	825
278	0	523
902	0	2545
2531	1	1022
2227	1	1217
947	1	399
87	1	1225
653	0	810
2408	0	245
1873	1	2528
1234	0	1259
1088	1	1471
1009	1	1586
372	0	1200
606	0	61
544	1	652
1417	1	1559
530	0	580
1975	1	1162
12	0	2520
1440	1	752
376	1	2097
638	0	52
1918	0	2603
591	0	334
1807	1	1392
1638	1	297
1519	1	2610
148	1	1652
2587	0	19
862	1	2648
1889	0	423
40	1	963
603	1	1572
2561	1	2601
585	1	2292
1206	1	2264
2445	1	666
1245	0	2048
1161	1	899
129	0	1351
1266	0	703
2323	0	184
277	1	1430
2041	0	455
2103	1	161
2606	1	2005
454	0	805
1132	1	1718
1604	0	337
2088	1	905
2414	1	2359
406	1	1233
758	1	324
380	1	2634
2206	1	932
2625	0	1552
1939	1	2248
0	1	944
17	0	586
551	0	471
2295	1	1079
560	0	745
234	0	2324
1305	1	569
1571	0	2110
619	1	2496
118	1	1995
2620	0	970
2121	1	2301
879	0	2291
563	0	1955
397	0	1384
2325	1	2247
577	1	1037
704	0	116
1528	0	1388
1804	0	2343
1326	1	950
1884	0	1000
1563	0	1151
1303	1	2001
845	0	1881
1249	1	420
1023	0	1908
304	1	1846
364	0	498
230	0	773
2548	1	676
396	0	247
68	1	1318
206	1	1917
1128	0	2511
2103	0	538
1247	0	533
2232	0	2553
1108	0	1578
406	0	2039
2152	1	1366
2128	0	1698
1056	1	201
1234	1	2362
2274	1	2130
1202	0	1773
424	0	2584
1714	1	578
980	0	1623
1118	1	1848
1341	0	2458
1756	1	672
522	1	2577
804	1	1815
530	1	1735
1142	0	375
2125	0	1204
1783	1	2434
1535	0	2153
488	1	2201
2216	1	614
1872	1	1461
1451	0	2612
1182	1	982
1028	1	2051
2202	1	1037
1029	0	2422
1971	1	600
379	1	2423
1468	1	1749
1876	1	1933
1111	1	1258
935	0	2636
2630	1	66
1990	1	995
971	1	2396
814	1	1701
1880	0	1097
1299	1	2508
2075	1	1437
800	1	2276
2204	0	75
1485	1	2193
1869	1	2188
2333	1	1709
365	0	2614
327	1	1484
1795	1	2592
1699	0	155
380	0	564
81	1	646
2534	0	2083
545	1	1347
1222	0	100
1958	1	1654
2447	1	1867
2453	1	1892
1975	0	1824
1441	1	887
64	1	1446
1309	0	1746
265	1	2444
1101	0	1527
728	0	1940
1794	1	808
1631	1	2056
1686	1	1817
2483	1	512
2626	0	1619
1864	1	186
7	0	2217
661	1	1002
316	1	2412
624	0	386
1655	0	306
1223	1	1767
1305	0	656
2112	0	2542
2320	1	1093
1797	0	2633
1179	0	1278
1470	0	962
1004	1	2086
160	1	989
2445	0	491
1006	1	1474
1316	1	1394
6	1	2478
2295	0	2300
1582	0	434
1800	1	382
1637	0	2352
1924	0	2559
1680	1	1784
124	0	795
1985	0	2632
1950	0	1055
2260	1	472
807	0	1279
1428	1	1402
2174	1	787
2198	1	1829
1540	1	2164
2075	0	1431
1576	1	275
967	1	2496
2420	1	1190
2608	0	2190
359	1	2109
892	1	2269
157	1	1730
1639	1	1021
2316	0	208
591	1	2250
1219	0	501
742	0	458
2115	1	27
428	0	1531
307	0	1300
2575	1	2306
2502	1	1175
2053	0	521
1903	0	1407
238	0	1248
104	0	2628
585	0	801
2058	0	2518
118	0	342
906	1	1295
2017	1	2597
2515	0	213
1222	1	1707
581	1	2250
2094	1	1168
1793	0	2557
1374	0	1984
1465	1	1136
360	0	1919
418	0	1759
2027	0	1415
2348	1	886
242	1	1107
236	0	203
697	1	2496
1228	1	403
2238	0	1492
2368	0	135
332	1	2499
2049	0	398
235	0	2535
689	0	1117
370	1	1882
435	1	1526
955	1	2278
2141	0	231
211	0	137
851	0	2383
1971	0	1302
122	1	1707
478	1	733
1611	1	2640
1744	1	1347
845	1	2086
1781	0	2
1807	0	1716
1450	0	1456
1598	0	2466
369	0	1210
298	1	1977
2600	0	1532
1443	1	2098
1699	1	1901
1	0	216
2284	1	1405
76	0	1922
463	1	1982
272	0	1938
2462	1	273
1836	0	1754
2356	1	2233
1708	1	1273
502	0	387
2316	1	224
1148	1	896
1952	0	981
1045	1	1186
816	1	1225
520	0	593
627	0	340
1153	1	1656
2426	0	190
2174	0	2150
782	0	1536
1408	1	2428
226	1	177
1795	0	1750
1364	1	2086
781	1	2119
516	0	1046
988	0	2443
1866	1	1168
1490	1	1240
42	1	179
2563	0	2616
2561	0	248
955	0	1972
2506	1	2148
565	0	338
2305	1	1318
960	1	1544
361	1	1929
189	0	1373
1814	0	46
520	1	2566
1023	1	2074
554	1	2551
566	0	1067
2037	0	605
2650	0	711
90	0	943
2189	1	2425
622	1	1269
2210	0	2245
2026	1	1096
45	0	1647
1727	0	1770
2013	1	228
2010	1	784
1585	0	1822
696	0	2203
2263	0	2120
36	1	1977
1045	0	757
816	0	1301
264	0	392
1715	1	557
1051	0	713
2647	0	1160
1601	1	271
2227	0	1703
2608	1	72
2657	1	2367
2249	1	872
2415	0	2078
459	1	1191
1662	0	1805
1122	1	1169
1640	0	2117
107	1	973
2550	0	2279
1040	1	863
182	0	2241
1449	0	2474
729	0	1792
606	1	2482
2094	0	2313
618	0	1539
140	0	678
416	0	1139
721	0	766
1616	1	250
1570	0	1575
1307	0	1379
288	1	880
1640	1	702
1717	0	2373
1898	1	2018
2133	1	1343
1109	1	2424
2534	0	1723
218	1	1927
106	0	1683
2358	0	778
1255	0	143
2525	0	2137
1691	1	95
2030	0	1126
226	0	1811
254	0	1377
1797	1	1789
2464	1	425
2197	0	1478
2273	1	314
281	1	1052
1389	0	2471
68	0	2228
328	1	1525
1480	1	1217
506	1	519
1112	1	856
2459	1	1803
814	0	1386
1634	1	794
218	0	2296
776	0	1823
308	0	2006
572	1	1816
913	1	2389
917	1	420
914	1	1350
1015	0	831
618	1	542
1131	1	429
2004	0	505
1953	0	910
1549	0	898
878	1	151
1089	1	1657
148	0	789
921	0	2215
812	1	2162
2585	0	1499
2585	1	371
1568	0	1208
1612	0	43
1504	0	641
1800	0	412
1618	0	499
2318	1	2111
310	0	574
1907	1	2022
55	1	309
2462	0	524
109	0	556
2235	0	431
2073	1	1104
1900	0	2644
1483	1	2482
57	1	78
1064	0	998
544	0	796
2206	0	1216
1786	1	2404
37	0	2588
2197	1	293
108	1	894
511	0	436
15	0	951
2530	1	772
2408	1	737
969	0	2070
90	1	315
900	0	1120
1053	0	353
653	1	1061
1802	0	1774
1826	1	63
1448	1	1471
2033	0	1390
776	1	1493
1441	0	128
2189	0	1423
879	1	2314
1936	0	1983
2643	1	1487
1973	1	2105
2322	1	1852
1883	0	2123
1563	1	2080
1146	0	290
1600	0	453
1582	1	1982
1987	1	937
1424	1	1849
1949	1	289
1198	1	2163
903	1	2129
598	1	2287
2468	0	1752
2573	1	1930
352	1	708
1689	0	417
2068	1	1406
1896	0	268
1376	0	2294
1017	0	1387
596	0	1986
689	1	258
1309	1	1274
2439	1	438
1475	0	2631
1873	0	537
1084	0	2658
573	0	2341
363	1	153
2602	1	309
1905	0	1395
2620	1	1274
1954	1	2093
913	0	620
2413	1	2242
1529	1	2635
67	0	409
1246	0	1671
1520	1	2482
2360	1	1545
1500	1	2659
1374	1	1237
953	1	724
1325	1	1932
1143	1	2178
2606	1	263
791	0	1452
1515	1	2345
2637	0	2095
902	1	241
1283	1	1835
1443	0	739
1399	1	1821
2398	1	1469
2563	1	912
105	0	1681
1952	1	1398
2176	0	631
1708	0	1180
1303	0	1261
486	0	1584
516	1	173
1467	1	2011
182	1	493
1763	1	1895
704	1	344
658	1	679
2304	1	197
1950	1	1674
15	1	760
401	0	2526
307	1	98
1006	0	475
59	1	466
732	0	838
661	0	1697
1134	0	164
634	0	1434
862	0	1501
1629	0	2050
1246	1	1201
638	1	561
688	0	1621
2216	0	583
73	1	2391
2076	1	1693
1583	0	1633
725	0	588
2285	0	451
1016	1	22
2654	1	2233
352	0	321
2238	1	2106
1989	0	986
895	1	457
541	1	820
1542	0	662
617	0	2641
1832	1	849
2149	1	1747
719	1	2653
1818	0	687
369	1	2591
1854	1	227
2212	1	1747
407	1	440
1281	0	1614
114	1	1232
707	1	2154
1473	1	1632
650	0	1894
2336	1	1437
405	0	1653
2374	1	832
1196	0	2175
786	1	1391
1382	0	2485
220	0	2025
1739	0	383
1378	1	65
2334	1	1026
1887	1	887
376	0	1174
1207	0	1799
729	1	2621
198	1	1106
589	1	1847
547	1	1853
1660	1	1357
58	0	1290
270	1	88
2427	0	2335
39	1	345
115	1	1025
2066	1	1061
576	1	274
2486	0	147
1235	1	2221
2625	1	891
987	1	13
1504	1	994
1588	1	2392
1054	0	1920
720	0	1464
381	0	2045
2204	1	1661
534	1	1906
2602	0	1262
2549	0	1690
738	0	1961
2285	1	609
1678	0	2209
2650	1	1879
1844	1	11
534	0	2089
2550	1	1838
1738	1	1133
2320	0	1074
1631	0	1579
1589	0	2539
1945	1	1077
791	1	2243
2021	1	2143
2115	0	568
1091	0	219
1609	1	2264
55	0	467
1420	1	2448
320	0	1886
877	0	657
29	0	743
1319	1	1188
59	0	643
859	1	285
885	1	809
1245	1	1859
1281	1	2101
1514	0	1439
1590	0	2146
1534	1	2513
1518	1	1670
1370	1	78
1678	1	1688
2037	1	177
1267	0	1608
844	0	1371
1605	1	366
2540	1	78
1416	0	1650
2651	0	823
632	1	2090
76	1	1511
1567	0	827
1465	0	1173
2166	1	1928
2334	0	1778
503	0	267
1164	0	1721
29	1	1704
1483	0	494
744	0	335
1705	1	385
1560	0	1839
220	1	77
2274	0	2418
2483	0	1197
1571	1	284
857	0	89
1047	1	1461
2371	0	1322
531	0	871
1445	0	2454
348	1	1184
1520	0	824
459	0	1231
1429	1	828
2161	1	1675
1112	0	2052
272	1	671
421	1	1748
2042	1	1737
2543	1	2604
1617	1	2225
1049	1	1934
947	0	2173
1066	0	1599
1369	0	811
378	0	936
900	1	2381
650	1	2421
2357	1	539
39	0	1790
2531	0	2401
2169	1	1479
183	0	2475
1470	1	171
1378	0	1154
786	0	1904
2582	1	2375
2112	1	2547
893	1	172
909	1	2287
2355	0	1828
536	0	513
393	1	1669
1951	1	2500
1349	0	1967
6	0	1505
1541	0	1003
394	1	646
2032	1	1916
1581	1	1383
1088	0	2507
1198	0	1862
1135	0	339
565	1	2031
389	1	2312
1949	0	2609
67	1	329
138	0	2567
2365	1	1024
2469	0	41
746	1	1663
1291	1	2482
1889	1	1078
2160	0	579
1339	1	1058
1611	0	49
1166	1	1685
1421	0	126
627	1	1329
667	1	2311
2169	0	154
129	1	2016
1918	1	768
2576	1	299
1135	1	2385
2647	1	2344
873	0	1457
2476	0	625
1796	1	232
2034	1	1433
7	1	2496
1567	1	317
607	1	911
2626	1	2310
1421	1	480
1165	1	2104
2057	0	1289
847	0	1624
1884	1	2496
2642	1	1092
265	0	867
680	0	1149
2336	0	1005
990	0	2595
984	1	1757
1782	0	1172
443	0	1244
2618	1	968
1183	0	2435
64	0	430
14	0	1113
2441	1	706
1618	1	1988
2455	0	1530
2596	0	139
2350	1	2250
140	1	1338
2573	0	166
1119	1	2072
1179	1	1946
2525	1	117
87	0	1081
1424	0	1438
1793	1	2308
2473	0	62
957	0	1761
997	0	449
365	1	1019
677	1	2655
1481	1	456
2319	1	1852
1528	1	465
756	0	1284
206	0	269
2486	1	1308
2277	1	167
726	1	2619
1050	0	959
1319	0	1897
122	0	1292
2202	0	1236
379	0	1011
2560	0	1627
2199	0	843
1964	0	474
2348	0	651
695	0	1547
396	1	1817
1314	0	1517
2554	1	1447
1686	0	1181
281	0	343
2436	0	1346
109	1	897
2460	0	2384
2024	0	660
160	0	777
2548	0	515
1765	0	2069
1604	1	710
1039	1	177
2420	0	83
1039	0	112
2596	1	2405
817	1	1082
407	0	1762
2286	0	1684
2623	0	1363
630	0	312
1791	0	854
1428	0	2407
1964	1	613
144	0	2063
984	0	2402
1101	1	1970
502	1	358
328	0	1628
1597	0	1057
2476	1	915
527	0	553
2369	1	2598
697	0	852
1051	1	224
554	0	549
2293	0	1999
2333	0	2532
115	0	972
815	0	1979
1782	1	1512
2355	1	1510
2218	0	2565
746	0	1229
2534	1	2340
322	0	482
2319	0	1348
2416	1	196
983	0	1935
2504	0	1068
2020	1	1083
435	0	2009
926	1	764
817	0	1170
2128	1	120
821	1	690
2403	1	326
1376	1	1643
2365	0	1276
410	0	1787
924	1	318
1872	0	2170
1550	1	1195
873	1	1065
1050	1	169
2414	0	1925
2427	1	2347
1142	1	1911
2480	0	1625
1581	0	225
2066	0	535
2400	1	1512
2133	0	2376
813	0	938
1307	1	925
1480	0	1095
2176	1	715
2260	0	437
1075	0	311
1008	1	345
1449	1	2023
266	0	1751
603	0	2399
1994	0	20
16	1	229
1626	1	1968
1152	1	1090
572	0	1630
2613	1	2652
541	0	125
1412	1	2411
767	1	1171
1612	1	1508
2599	0	584
1622	1	1659
1832	0	202
57	0	1176
91	1	1706
35	1	2370
1687	1	1026
1502	1	1991
2331	1	1331
1515	0	1476
1141	0	1036
1448	0	209
1962	1	1742
256	1	1430
2325	0	2265
1224	0	599
1960	1	2467
486	1	13
107	0	1218
2092	1	1825
885	0	2317
2047	1	2229
176	0	136
1639	0	2364
813	1	2129
1591	1	2182
1389	1	399
1426	0	1857
2000	0	1034
705	0	94
1634	0	2410
426	0	1147
1194	0	2180
759	0	575
1727	1	99
1679	0	1899
350	1	1275
233	0	2450
1488	0	2259
42	0	74
2062	1	1145
130	0	1413
1451	1	1813
1164	1	1812
133	1	185
1056	0	1592
288	0	1257
611	1	958
1364	0	2456
509	1	2283
1600	1	770
2263	1	1931
1745	1	180
1429	0	69
2629	1	640
726	0	476
1134	1	1360
567	0	1444
2624	1	1696
1554	0	261
12	1	2253
2433	1	2044
157	0	637
2160	1	487
680	1	294
469	1	888
2582	0	2028
1561	0	1335
2207	1	2338
1583	1	1073
1481	0	2205
1468	0	2332
1084	1	569
1219	1	34
242	0	246
470	0	2145
696	1	722
1119	0	1353
924	0	621
695	1	78
2293	1	391
2114	0	2290
2594	0	1345
1291	0	181
1	1	1944
1238	1	178
277	0	427
444	0	1963
2010	0	693
2318	0	2627
877	1	2299
1399	0	333
1676	0	934
804	0	1367
1009	0	1620
527	1	1852
363	0	918
101	0	948
1638	0	1459
2568	1	1734
1574	1	2649
485	0	2222
1965	1	2437
111	1	500
215	1	763
2273	0	785
138	1	175
266	1	2482
2186	1	1463
1031	1	668
1877	0	1966
1266	1	2302
2131	0	2363
1080	1	2586
282	1	961
394	0	923
405	1	636
1242	1	1523
2555	1	826
1588	0	30
2529	1	2040
1629	1	1641
2613	0	1771
2574	1	2390
2468	1	908
1794	0	2195
2239	1	2065
996	1	514
2395	1	1729
721	1	102
2460	1	1168
1993	1	1840
1420	0	1156
2244	0	1724
1689	1	54
176	1	1026
2166	0	319
1830	1	2495
1804	1	1217
735	0	1185
1820	1	2329
308	1	149
754	0	159
2387	0	2179
940	1	1956
1485	0	1158
997	1	1140
1951	0	2481
971	0	2246
1369	1	1320
2004	1	645
830	0	1837
2041	1	1396
1958	0	874
35	0	1334
350	0	2380
1249	0	855
1548	0	928
992	1	2262
596	1	2509
1677	1	1296
2186	0	734
1546	1	966
1341	1	411
448	1	616
545	0	1948
1253	1	2558
1202	1	1545
803	0	2084
2213	0	1969
670	0	1285
2538	0	1978
1196	1	2517
1239	0	1909
1687	0	1569
2599	1	2085
189	1	2646
2502	0	2220
103	1	86
10	1	2196
320	1	295
1924	1	750
442	0	468
675	1	2590
1048	0	716
2032	0	2059
2431	0	1910
807	1	2002
1143	0	249
1385	0	2446
1605	0	1555
842	0	1250
44	0	1372
960	0	717
744	1	788
2564	1	2086
987	0	1645
1102	0	2321
1054	1	207
322	1	2411
589	0	1221
1324	0	305
1253	0	727
720	1	2307
684	1	1026
106	1	1013
91	0	884
1907	0	956
2027	1	1607
844	1	2099
581	0	1124
400	0	2061
742	1	1764
909	0	699
2012	1	1667
416	1	1692
1593	0	1178
2073	0	3
2350	0	2581
36	0	262
348	0	1801
2429	1	2079
762	1	2482
2490	1	790
1676	1	748
756	1	113
945	1	195
1965	0	388
111	0	1256
2453	0	1610
1529	0	1397
967	0	1032
2433	0	395
359	0	1947
1332	1	1430
2555	0	1726
21	1	528
1662	1	2230
781	0	80
1802	1	2230
1326	0	1380
2281	1	1225
2218	1	1323
2288	1	590
559	0	495
815	1	1777
1733	0	188
194	0	1027
1215	0	1913
659	1	204
895	0	1891
16	0	712
1091	1	1747
0	0	1768
2386	0	163
1165	0	1741
1494	0	1209
1691	0	949
954	1	1871
2534	1	731
1814	1	283
2003	0	2219
2304	0	1503
1679	1	2143
1758	1	2289
1601	0	2167
602	0	1558
1854	0	1272
1851	1	682
1866	0	1337
1228	0	2514
655	0	5
1987	0	1482
1121	1	119
2490	0	1713
617	1	1203
1827	0	2488
1542	1	283
1393	1	56
1905	1	1646
759	1	510
1241	0	1702
2024	1	1736
1282	0	492
1954	0	701
803	1	239
2125	1	2054
634	1	694
511	1	2192
362	1	2257
677	0	869
2322	0	1513
1130	0	2622
762	0	1868
548	1	175
1400	1	933
1806	1	709
2122	1	2181
978	0	1014
21	0	1103
2395	0	2505
127	0	1144
81	0	1264
1467	0	1070
2560	1	192
1288	1	2449
2642	0	156
1150	0	853
92	0	1865
1819	0	243
903	0	2165
1665	1	595
1283	0	1981
2469	1	922
1049	0	1566
1004	0	145
2003	1	1779
1123	1	1636
2000	1	199
1121	0	347
608	0	2579
234	1	626
1247	1	1997
1936	1	2155
1745	0	93
1766	1	229
230	1	441
302	0	931
1753	0	2071
639	1	529
1785	0	1205
1453	0	798
1440	0	749
988	1	2303
769	1	1636
1903	1	2144
1715	0	612
44	1	2552
1570	1	1099
2114	1	755
1089	0	628
1194	1	1404
648	1	1368
2574	0	346
576	0	300
1349	1	2361
758	0	1524
2587	1	562
2415	1	2014
236	1	1085
2442	1	78
212	1	965
1495	1	2113
374	1	2258
2053	1	2377
2630	0	48
1561	1	481
1664	0	9
2447	0	2366
158	1	663
1403	1	2136
2556	1	447
1546	0	850
654	0	2394
1241	1	570
985	0	1280
37	1	1195
384	1	441
940	0	1125
1243	1	1155
1031	0	1642
1450	1	18
2244	1	2298
2140	0	1033
1489	1	629
462	0	1072
700	1	2536
2543	0	2326
2403	0	861
1655	1	2346
215	0	779
114	0	1435
1393	0	257
327	0	1725
2572	0	1277
571	0	1775
551	1	1772
1066	1	1982
882	0	2139
2235	1	1915
1783	0	84
1989	1	2406
373	1	2342
2493	1	1672
389	0	1020
1488	1	1213
655	1	1694
1560	1	1116
2122	0	2280
917	0	71
547	0	1293
610	0	170
2431	1	452
2529	0	477
830	1	1140
1152	0	1358
2578	0	2470
2020	0	976
2042	0	2527
2277	0	1436
2464	0	2487
393	0	2484
954	0	2043
2360	0	2463
1574	0	526
2473	1	1893
1728	1	783
525	0	47
162	1	1333
428	1	1193
1267	1	1850
1753	1	2536
1494	1	839
1500	0	741
2200	1	993
926	0	2583
73	0	1007
2131	1	555
889	1	78
941	0	517
174	0	2354
101	1	977
1758	0	24
462	1	2570
2161	0	473
1591	0	1071
507	0	1157
1129	1	1251
1427	1	1212
858	0	2275
2442	0	2353
1535	1	367
892	0	2546
144	1	649
210	0	740
298	0	279
2126	0	692
2368	1	78
432	1	723
4	0	1810
79	1	822
110	1	1521
1122	0	881
1677	0	1833
2323	1	974
1896	1	753
2624	0	32
381	1	1834
1514	1	1926
217	0	415
2643	0	134
1382	1	1798
2549	1	2118
1130	1	1507
725	1	1076
548	0	1042
2138	1	50
4	1	2510
378	1	1030
2400	0	460
270	0	2503
2356	0	2271
2578	1	683
1519	0	200
1518	0	1460
