1280	1	2117
1925	0	2391
127	0	883
2218	0	1260
43	0	2250
2029	0	508
1294	0	759
799	0	1611
2376	1	379
277	0	1475
134	1	1301
2096	1	1633
345	0	458
2419	0	1604
210	1	994
459	0	499
1331	0	1714
173	1	1128
87	1	1865
649	0	2214
977	0	1956
1854	1	1100
489	0	191
931	1	2060
939	1	887
205	1	2009
614	0	1940
1781	1	731
705	1	1178
231	1	824
684	0	1141
577	1	1596
1143	1	1415
1693	0	2309
2110	1	637
2422	1	2303
754	0	2128
1102	0	745
1854	0	2066
1280	0	1804
1855	0	1703
2288	1	797
1248	1	1527
776	1	1815
613	1	992
1963	0	1934
2372	1	229
1819	0	2206
784	1	2135
1925	1	1638
2375	0	1526
316	1	2418
313	1	1097
1880	1	551
121	0	2502
1354	1	793
1216	0	212
1356	1	140
2560	0	2036
1058	0	2468
1752	1	855
752	1	1987
1998	1	2170
185	1	1957
1223	0	996
358	0	1144
2488	1	1972
2039	1	34
2366	1	1967
2556	0	2198
1294	1	2059
800	1	645
2123	1	1658
359	0	1544
1589	0	1871
1154	0	1181
989	0	1319
1363	0	1225
2151	0	1649
1461	0	76
1540	0	2397
116	1	2014
1417	1	1150
96	0	878
1822	0	1514
1312	0	2065
496	0	1025
2510	0	304
661	1	2247
519	0	803
1315	0	1170
260	1	182
1708	0	1792
1061	0	2234
2201	0	462
1874	1	2075
1635	1	1835
1639	1	167
2043	1	1866
1254	0	713
936	0	2243
29	1	1113
1613	0	1884
1413	1	2125
886	0	1445
317	0	1552
1522	0	1623
1179	0	660
1157	1	845
1938	0	138
1462	0	2398
1502	0	1914
2083	1	864
1732	0	555
2493	0	1324
102	1	1808
1786	0	437
1614	0	2497
1347	0	1037
726	0	763
1829	1	723
488	1	1979
1569	1	1751
688	1	721
2573	1	560
1082	0	433
108	0	1371
1401	0	2251
1020	1	119
1531	0	548
999	1	2507
501	0	1321
1154	1	930
89	0	1989
1108	1	2163
371	0	1311
2319	0	1416
1643	0	1133
1898	0	1999
1261	0	1911
1993	1	310
1831	1	916
2516	0	81
814	1	2104
1615	1	392
448	1	386
1863	1	640
2551	0	1095
187	1	1204
29	0	933
101	0	83
2520	1	1388
2515	1	1277
424	0	2467
1124	1	1904
1943	1	1329
151	1	142
2408	1	279
1606	0	2339
221	1	2388
470	1	1627
1941	1	348
1839	1	1622
1422	0	238
1158	0	324
2264	0	2266
2064	0	1447
331	0	201
1802	1	2277
1924	0	1838
1822	1	1814
1765	0	353
890	1	1851
1050	0	1055
543	0	1607
1796	0	871
1326	1	2273
1383	1	2196
2504	0	2160
2475	1	480
522	0	578
192	0	1616
2191	1	698
1195	1	2527
1072	0	435
2521	0	2002
1964	1	249
931	0	2106
705	0	1296
2040	0	2190
1440	0	1070
2176	0	738
859	0	1054
762	0	1382
680	1	1739
1126	1	1499
1943	0	1806
1162	1	1031
1941	0	1520
1874	0	2071
2295	0	1257
804	0	2508
778	1	2209
2005	0	829
2168	0	1887
2549	0	1699
1307	0	2080
1180	1	106
1166	0	2566
2369	1	308
246	1	153
256	1	2491
1424	0	2073
1562	0	135
1254	1	1727
1210	0	913
2331	0	13
2526	1	2356
1867	1	7
596	1	2076
1011	1	1677
2475	0	174
82	1	1850
2547	0	1926
743	0	1182
1011	0	858
821	1	1299
701	0	2192
2377	1	1140
2168	1	2008
1963	1	326
95	0	1675
2423	1	503
1569	0	2000
689	0	176
724	0	2545
1325	0	1281
2134	0	1298
99	0	497
1297	0	1279
1096	1	592
1398	1	2213
2528	1	1995
1325	1	681
1104	0	1503
1087	0	297
1747	1	1360
2493	1	2100
1326	0	1991
889	1	1308
1373	1	1467
1958	1	1827
449	0	1598
2167	0	1930
120	0	1423
2329	0	892
1278	1	2055
325	1	1701
2294	0	2569
863	0	1868
471	0	782
696	1	813
475	1	1274
1195	0	498
1648	0	1621
443	1	1198
1993	0	1720
509	1	453
744	1	2074
438	0	1229
2393	0	1367
377	0	1834
1845	0	1723
1278	0	217
2458	0	2406
3	1	1075
456	0	2384
1606	1	1496
2361	1	1567
1577	1	326
1408	1	1219
689	1	1848
490	1	2138
2367	0	2386
302	0	1305
2011	1	1592
1368	0	396
1635	0	1407
401	1	2431
2464	1	1783
1466	0	2383
514	1	1131
1586	1	1164
1553	0	369
2504	1	1904
2193	1	742
405	1	93
862	1	1362
790	1	2338
2412	1	253
263	1	888
684	1	204
252	0	75
1826	0	2584
2285	1	702
569	0	787
956	1	1541
1122	0	186
784	0	1483
2447	0	2518
12	1	1349
1705	1	974
1476	0	1112
2221	1	2460
997	1	2509
954	0	526
1555	1	1686
2540	0	2373
457	1	2581
1540	1	2009
21	0	932
1079	0	608
828	1	985
2174	0	2498
923	0	704
461	1	1099
400	1	374
234	0	1775
1210	1	80
1717	1	2053
275	0	1561
1730	1	1208
2070	0	2591
1291	0	1317
800	0	2517
111	0	1117
2540	1	1034
2546	1	90
562	1	2581
1918	0	161
1030	1	1467
1020	0	2249
1766	0	2245
1729	1	1145
1033	0	250
908	0	1186
2113	1	2059
2412	0	872
2353	1	1427
282	0	2132
2411	0	292
1863	0	1078
2215	1	2015
516	1	1389
1497	0	2489
2180	0	1653
918	0	1335
1340	0	1013
911	0	1525
1315	1	1212
1506	1	2289
402	1	750
544	1	1208
1165	1	1361
2381	1	866
332	0	2554
2143	0	1080
1049	1	818
1515	1	576
1968	0	1931
577	0	267
95	1	1739
312	1	2287
1426	0	2487
18	1	1842
644	0	1330
720	1	1546
2459	1	425
1192	0	426
2186	1	747
2328	0	432
262	1	2413
1284	0	227
1928	0	1776
513	1	2481
35	1	1833
1266	0	61
460	1	1813
2035	1	558
1353	0	2153
2199	1	2326
877	1	1465
2222	1	505
1755	1	1183
47	0	942
1110	0	2586
550	1	1716
2216	1	450
2228	1	2477
879	0	1785
2297	1	1482
1586	0	1370
376	0	165
1190	1	1197
401	0	835
771	1	1005
111	1	957
1637	1	1205
1092	1	149
387	0	286
189	0	1350
1674	1	1584
2513	1	326
690	1	2535
2122	0	19
1819	1	2172
1359	1	492
708	1	66
2022	0	1728
609	1	464
23	0	1168
2001	0	2019
665	0	2404
69	1	2324
850	0	1759
1024	1	639
1766	1	2101
914	1	1862
108	1	1734
1560	1	2512
2146	1	467
1803	0	947
1042	0	2284
10	1	1409
1594	0	1840
2191	0	1922
100	1	2050
851	0	2274
1939	1	1734
2590	1	1640
94	0	98
1309	0	1634
725	0	183
2212	0	389
2254	1	650
2062	1	1916
1643	1	398
522	1	1043
400	0	1847
1973	0	1509
550	0	390
2589	0	683
1383	0	2230
416	0	843
295	1	1739
1812	1	181
1692	0	321
1214	1	57
966	0	1548
2393	1	2481
2246	1	1709
252	1	1046
1936	1	1592
1971	1	925
1889	0	2437
1771	0	2108
1719	1	2571
2282	0	1581
719	0	1402
804	1	1215
1201	0	2436
200	1	1208
2142	0	289
586	1	1208
2466	1	2444
795	0	538
642	0	171
2469	0	627
792	1	2211
485	1	559
1534	1	1842
1553	0	306
1353	1	491
682	1	2025
1917	1	2525
199	1	298
585	0	362
442	0	1218
1878	1	1741
1928	1	1310
2120	1	581
452	0	2276
2159	0	1490
1650	1	1442
2500	1	342
330	0	1421
2040	1	2125
1077	1	610
1864	0	1206
2328	1	798
1660	0	857
1969	1	446
1549	0	177
1410	1	392
1081	1	1655
1213	0	71
393	1	1322
1570	1	1258
2369	0	1127
260	0	653
1844	1	1189
1858	0	2229
1897	1	1334
500	1	14
585	0	2220
2526	0	512
349	1	2323
1542	0	1437
1786	1	1644
228	0	494
2407	1	2421
91	0	629
816	0	1477
1001	0	839
1682	1	410
2352	0	575
695	1	1636
1497	1	63
617	0	2524
1802	0	1392
1992	1	214
371	1	218
1387	0	1385
2062	0	1457
1077	0	1038
113	1	1235
623	1	1069
1401	0	2374
509	0	206
1986	0	411
86	1	995
2141	1	2152
1689	1	1835
828	0	618
110	1	484
941	1	1270
1187	1	1105
1762	1	2343
1042	1	2558
1024	0	565
680	0	1721
563	0	225
1211	1	239
596	0	280
1755	0	958
2325	0	2483
2222	0	766
1740	1	521
1619	0	2086
465	1	1894
644	1	431
2140	1	193
1087	1	2499
1935	0	1724
2155	0	264
18	0	1779
1041	1	1060
1535	0	1907
1363	1	418
1309	1	2121
27	1	1233
1103	1	2210
2542	1	1712
1762	0	2033
1417	0	133
2322	1	1869
1873	0	236
1801	0	1086
1511	1	1583
1294	1	1372
547	1	1501
2228	0	1572
2583	0	1821
2288	0	2283
523	1	844
612	0	2248
1378	1	900
2400	1	2069
383	1	1630
1790	0	2572
2120	0	709
501	1	1275
532	1	1036
2516	1	779
1678	0	1610
1665	1	2562
2003	1	1208
1271	1	2131
1765	1	2311
762	1	1361
42	1	1789
2193	0	1984
241	1	2394
2167	1	2424
2237	1	1656
1803	1	2204
113	0	970
1263	1	2492
1660	1	737
1986	1	244
440	0	2118
984	0	1770
205	0	380
1522	1	1605
2405	1	2162
1946	1	1644
1898	1	1937
1356	0	1006
1166	1	2318
1971	0	2097
489	1	767
12	0	1000
634	1	143
1919	1	1545
2021	0	982
2212	1	922
2549	1	1739
228	1	293
1508	0	203
842	1	2452
2582	1	1550
1602	1	919
2400	0	2395
65	0	2548
273	1	2410
115	0	870
320	1	1230
200	0	2224
2093	1	666
795	1	1644
2045	0	2363
2306	0	2304
1637	0	1962
1836	1	786
636	0	16
2022	1	590
1428	1	1629
696	0	727
387	1	1153
40	0	1690
2087	0	419
164	1	466
1740	0	303
1588	0	1651
1692	1	1071
1615	0	132
573	1	1706
2264	1	1228
1825	0	44
1976	1	637
979	0	1641
23	1	259
1735	0	1498
1756	0	70
2090	0	2371
1673	0	2231
1542	1	1966
2327	0	571
2260	0	281
1742	1	1904
1919	0	2350
2381	0	694
506	1	2581
1264	1	170
1599	0	296
3	0	1443
2292	1	1609
1959	0	1861
1516	1	2104
2368	0	407
2506	0	242
1831	0	2578
1092	0	2226
92	0	2099
124	1	1739
777	1	1258
817	0	568
2159	1	2156
1881	0	2505
2542	0	1893
184	1	1904
873	1	305
1521	1	1275
184	0	1859
87	0	1662
1790	1	1960
977	1	952
343	1	341
2186	0	1471
1461	1	2004
2256	1	767
2314	1	527
198	1	2092
2335	0	1023
270	0	1169
799	1	1528
678	0	2465
2068	0	1268
1267	1	732
1280	0	1659
2538	1	2445
2165	1	2495
2032	0	1870
490	0	1772
1619	1	1667
2293	1	1062
869	1	900
605	0	2227
1872	0	1953
2021	1	765
2242	0	893
1665	0	2432
145	1	2435
2488	0	1419
1976	0	1849
1480	1	702
2547	1	900
443	0	351
836	1	2034
579	1	1060
678	1	1737
457	0	537
719	1	1983
64	1	131
579	0	2501
664	1	126
2146	0	1587
2001	1	1891
283	1	1132
246	0	1929
649	1	1342
873	0	1688
1791	1	1474
339	0	679
422	0	2139
1602	0	1908
2459	0	677
917	1	900
2269	1	1174
2078	1	1076
325	0	1252
689	1	2059
2302	0	881
2408	0	384
734	1	1944
1843	0	1888
935	1	73
1271	0	1876
2521	1	1695
614	1	298
2510	1	1758
65	1	237
643	1	1739
674	1	128
1733	1	2076
416	1	2344
245	0	1595
911	1	1646
1027	1	1468
2254	0	2341
402	0	1909
103	1	1204
1704	0	1286
2119	0	1142
615	1	2581
716	0	2102
1462	1	2312
773	1	739
2127	0	1386
1136	1	631
1955	1	1473
1791	0	1209
1730	0	2158
295	0	1056
1502	1	1053
160	0	391
1767	0	481
2337	1	621
1731	1	136
1052	0	179
24	0	52
2561	0	1478
1918	1	1491
429	0	2568
664	0	619
1599	1	541
850	1	1736
885	0	946
890	0	495
1287	0	1306
960	1	305
532	0	1932
307	0	980
1253	0	1432
937	0	2451
92	1	900
895	0	46
448	0	1852
209	1	423
2042	1	1224
313	0	641
2439	1	2111
2077	1	417
2260	1	2115
91	1	1138
2201	1	2392
452	1	1899
2469	1	1833
2411	0	352
354	1	196
937	1	2298
1978	1	2399
300	1	2279
544	0	2082
725	1	1012
596	0	2317
364	0	515
1039	1	204
1120	1	163
1964	0	1702
1969	0	1523
1124	0	755
2285	1	2059
399	1	114
344	0	323
1120	0	415
2215	0	1469
935	0	2351
2372	0	414
2268	1	318
1248	0	625
1679	1	1159
1171	1	1773
2579	0	1302
1588	1	1837
1579	1	2449
917	0	1597
834	1	1920
1187	0	1805
2281	0	2054
869	0	1738
243	1	1644
1152	1	290
606	0	728
1839	0	1337
841	1	54
1858	1	1251
929	1	2490
382	0	367
632	0	107
1072	1	51
404	1	1539
1089	0	2461
838	1	707
1110	1	1292
886	1	1333
2403	0	2261
1376	0	580
1063	0	940
965	0	337
1163	1	2438
468	1	2126
409	1	430
528	1	2443
2016	0	1495
2087	1	770
1108	0	2147
168	1	1176
256	0	1603
572	1	1632
1624	0	1657
2	0	112
658	1	2440
1032	1	1444
2166	1	305
1401	1	1591
21	1	1853
2441	0	2420
1742	0	421
1249	0	2358
394	0	1923
661	0	967
2282	1	285
312	0	1696
354	0	477
1440	1	794
567	1	1161
612	1	2443
343	0	662
1939	0	953
1873	1	549
1096	0	175
1553	1	155
2352	1	2018
2051	0	232
1535	1	924
966	1	867
2456	0	1149
533	0	1683
455	0	791
2044	0	1832
1207	1	837
812	1	2088
2084	0	2346
1752	0	1988
332	1	998
3	1	406
599	1	1877
1226	1	2125
699	0	1004
2157	0	595
1173	1	921
440	1	1580
1136	0	1217
1032	0	1809
2419	1	671
1114	1	638
1063	1	1687
852	1	1274
265	0	1003
1732	1	1405
2515	0	2430
1881	1	2171
700	0	1239
907	0	588
665	1	1961
465	0	1669
962	0	968
262	0	1047
586	0	1021
156	0	2476
2426	0	2401
2416	1	2454
573	0	493
1109	0	1341
1927	0	123
2005	1	591
1272	0	2370
502	1	549
2176	1	2125
291	1	158
954	1	1355
973	1	385
2189	1	1761
2174	1	2179
718	1	666
38	1	1954
2246	0	2116
103	0	906
1978	0	2559
2268	0	67
1436	1	74
2275	1	1630
275	1	36
781	0	1778
643	1	1712
1410	0	1951
1160	0	1441
300	0	810
476	0	2486
50	1	1051
1030	0	2514
2090	1	2536
487	0	1787
895	1	298
1376	1	2272
455	1	2129
2043	0	4
1735	1	1026
82	0	150
1745	0	148
630	0	388
383	0	901
1816	1	1456
241	0	944
504	1	735
2003	0	594
602	0	848
139	1	412
743	1	1725
720	0	2321
222	0	1777
1243	0	1713
572	0	583
511	0	2428
2334	1	1470
1883	0	955
97	1	1246
756	0	284
1718	1	293
1190	0	1547
2292	0	1121
989	1	395
1263	0	366
2433	1	1833
2579	1	926
1259	1	768
1915	1	2048
2439	0	125
209	0	517
2063	1	68
1579	0	1395
1422	1	1668
2506	1	166
1719	0	1288
69	0	1481
1798	0	59
1426	1	180
525	1	717
879	1	1860
1001	1	2184
885	1	1345
1173	0	1856
1571	0	1996
1287	1	2235
623	0	1824
1408	0	1985
2123	0	971
1681	0	669
192	1	1231
2216	0	1241
2403	1	31
424	1	536
1826	1	298
40	1	1008
547	0	2360
1273	0	33
2256	0	2109
2544	1	1618
1558	0	454
2199	0	796
1413	0	20
821	0	761
875	1	137
335	1	287
1424	1	269
173	0	1073
469	0	545
1387	1	2046
1764	0	1533
1780	0	868
1253	1	1153
2217	0	1221
1201	1	1473
1344	0	1276
907	1	305
496	1	1902
1958	0	146
2457	0	898
1557	0	865
356	0	1830
533	1	1886
263	0	1945
777	0	1593
168	0	1059
1521	0	1510
1731	0	220
1796	1	1196
1313	0	1707
1156	0	847
718	0	564
506	0	194
516	0	1390
2585	0	1947
1613	1	1412
476	1	301
2024	0	507
2464	0	1155
24	1	2150
1900	1	235
923	1	775
56	0	381
2390	1	1518
2275	0	375
1568	0	85
2113	0	882
2345	0	1118
836	0	2299
789	0	72
2537	0	159
1314	0	2286
1460	0	849
88	1	1608
1101	1	235
2293	0	1818
682	0	2340
364	1	820
2178	1	2195
1022	1	2553
1717	0	706
2335	1	2085
422	1	640
1590	1	483
1506	0	447
1307	1	2103
2315	0	1846
1082	1	2290
1582	0	1663
1589	1	1091
1530	1	981
2405	0	1700
984	1	2330
2301	1	2378
659	1	1450
2144	1	1644
643	0	1364
2540	1	934
397	1	2013
570	1	645
734	0	1661
997	0	2223
1817	1	251
708	0	1565
2531	0	2225
397	0	2177
635	0	1626
2325	1	1139
643	0	1318
3	0	1016
145	0	2252
1845	1	1444
714	0	2552
1085	0	1289
120	1	735
1896	0	774
1476	1	729
2387	1	2207
1083	1	530
1107	1	1193
1207	0	2291
1373	0	314
345	1	1275
461	0	2577
2564	0	117
2194	0	261
2493	1	1235
838	0	692
2166	0	355
570	0	600
317	1	2061
2377	0	648
1872	1	1691
1297	1	710
1148	1	2183
1049	0	1574
789	1	1119
988	1	322
1560	0	1377
2140	0	2238
403	1	1600
1588	1	904
1708	1	540
2555	1	1654
330	1	1139
97	0	327
53	0	1365
1753	1	109
441	1	1910
1448	1	2067
1562	1	1739
1466	1	2271
6	1	235
1844	0	607
487	1	1815
1970	1	368
1689	0	2494
1344	1	840
473	1	211
2544	0	2030
1575	1	1090
2353	0	2402
2297	0	2580
216	0	154
2242	1	561
1312	1	2543
2130	0	1146
2376	0	598
164	0	964
841	0	1396
2429	0	255
617	1	37
1347	1	2219
748	0	1199
1948	1	1028
2144	0	276
1508	1	140
56	0	226
2532	0	2241
1624	1	2247
1973	1	1750
265	1	622
1705	0	45
2093	0	1726
409	0	1505
2503	1	963
2042	0	482
1970	0	1411
842	0	2148
273	0	233
96	1	104
1704	1	2280
2301	0	30
2320	1	48
1519	1	2533
1731	0	663
668	1	975
1628	1	1492
785	1	1057
771	0	347
1340	1	806
754	1	1504
475	0	646
1428	0	589
780	0	1245
456	1	66
2354	0	1375
606	1	853
1272	1	1601
2453	0	1242
1379	0	1564
890	1	2059
86	0	1507
2417	0	1115
1917	0	1384
1440	0	657
42	0	1438
2520	0	1285
1879	0	749
309	0	1227
2367	1	1906
814	0	1459
972	1	1950
1674	0	2041
2390	0	188
2557	1	874
1103	0	1820
1582	1	315
340	0	299
816	1	520
859	1	25
291	0	334
1152	0	2047
1575	0	846
1243	1	998
460	0	807
1681	1	611
247	1	1950
854	0	372
102	0	928
240	1	639
427	1	651
187	0	17
88	0	1129
585	1	729
50	0	2310
307	1	2332
2029	1	1009
716	1	2448
574	0	983
1061	1	1612
1266	1	1178
1628	0	1116
1418	1	978
115	1	2349
632	1	1751
2582	0	815
1114	0	1617
1754	1	1592
459	1	1452
339	1	1406
1104	1	2203
1448	0	2307
1946	0	1366
1558	1	2072
469	1	1327
2585	1	1630
1179	1	22
674	0	672
399	0	1455
208	0	1532
1033	1	26
47	1	2394
273	1	1067
60	0	413
2570	1	1185
245	1	1488
1555	0	207
1718	0	535
1213	1	1336
528	0	604
1089	1	1990
1480	1	2059
1480	0	1194
744	0	1585
2315	1	230
2244	1	1420
78	1	2258
1754	0	1489
2583	1	2200
605	1	365
2423	0	711
1992	0	1393
442	1	28
195	1	1601
656	1	760
1519	0	278
10	0	1290
349	0	2208
1074	0	1167
2006	1	2485
613	0	2472
1798	1	293
1101	0	257
899	1	1397
2532	1	360
1897	0	2455
1781	0	2079
1577	0	1425
910	1	676
2496	1	1255
2426	1	1237
331	1	2270
1226	0	2576
1180	0	811
1935	1	79
1568	1	1684
1109	1	1903
1905	0	2480
910	0	444
2155	1	1130
2354	1	1453
2320	0	626
2081	1	2056
2407	0	2462
1912	0	2197
748	1	2452
1915	0	472
918	1	1833
746	0	1472
582	0	655
979	1	1554
1801	1	2028
1414	0	1782
1771	1	1800
2110	0	2415
283	0	1797
1175	1	2359
1745	1	1300
2500	0	1191
215	0	1151
2560	1	1997
1126	0	1048
1158	1	285
2463	0	2587
596	1	36
1901	0	1487
356	1	439
222	1	2149
1998	0	822
753	0	652
1793	0	1106
282	1	1711
1083	0	624
160	1	162
1747	0	144
243	0	223
2302	1	951
2503	0	1543
2182	1	2305
2134	1	1559
1530	0	1399
862	0	2263
596	0	552
2096	0	41
1256	1	1578
1273	1	1339
1192	1	2239
780	1	319
1223	1	1760
1085	1	1346
320	0	685
198	0	274
2143	1	2257
986	0	1890
1753	0	2333
1331	1	1517
1900	0	1044
1614	1	991
156	1	1486
2157	1	1010
2447	1	798
1816	0	1857
914	0	2112
2362	1	479
1148	0	213
2122	1	66
2555	0	436
376	1	36
1135	0	584
335	0	2017
210	0	1664
1974	0	897
2456	1	927
359	1	750
700	1	1694
1764	1	1921
1816	1	1236
863	1	2575
2313	1	534
247	0	961
513	0	62
1693	1	1185
773	0	1431
562	0	556
2145	1	1644
101	1	2382
647	1	1449
830	0	2094
1379	1	32
1074	1	1208
1959	1	1788
1875	1	428
2466	0	1710
615	0	1348
668	0	2355
1418	0	361
2045	1	1949
1259	0	1172
110	0	363
139	0	2342
64	0	1250
1359	0	224
1901	1	2007
2016	1	902
724	1	450
1041	0	693
1052	1	63
1079	1	2385
195	0	1645
714	1	2202
2463	1	2161
504	0	1240
118	0	2379
1878	0	2484
2068	1	808
270	1	2169
1093	0	1795
1175	0	2563
1682	0	987
1267	0	1573
875	0	819
899	0	1500
309	1	1098
2078	0	860
2180	1	157
1313	1	1435
1955	0	1666
746	1	833
1912	1	1965
404	0	712
1817	0	373
2051	1	1208
1590	0	959
1639	0	2479
2592	1	492
2592	0	687
582	1	2169
113	1	2100
346	0	1295
2237	0	5
2084	1	1430
903	0	329
597	1	1185
597	0	2232
817	1	202
2151	1	378
1436	0	2380
740	0	333
1531	1	2172
514	0	2262
1625	0	1484
2564	1	1389
854	1	2050
1780	1	772
1757	0	915
1414	1	1620
39	0	2541
344	1	666
2173	0	1975
382	1	1125
690	0	1794
851	1	826
2427	0	1697
1202	1	1760
630	1	2181
1968	1	1760
60	1	1320
1160	1	1403
38	0	1763
792	0	172
141	1	2048
1855	1	2195
1354	0	1429
78	0	938
2127	1	2058
2458	1	767
2035	0	77
1156	1	2052
1628	1	856
2089	0	1064
15	1	2446
2375	1	1274
2427	1	2175
488	0	486
2538	0	802
468	0	2154
903	1	2050
1222	0	268
2345	1	1670
451	0	1282
701	1	1374
2417	1	1111
569	1	392
2032	1	2136
474	1	2474
2296	0	1895
999	0	1434
185	0	1265
1515	0	2396
2537	1	420
1981	1	1566
884	1	2409
1102	1	197
654	0	338
656	0	1035
788	0	524
805	1	301
1557	1	1811
2119	1	1275
790	0	2473
358	1	673
1284	1	2539
2313	0	2425
2218	1	1967
2589	1	2509
277	1	2443
2433	0	1994
2416	0	1232
2114	0	2389
889	0	2442
1081	0	603
1882	1	2050
2530	0	49
1264	0	894
543	1	1069
2329	1	1338
1027	0	1980
2194	1	1220
832	1	1485
929	0	948
654	1	2588
884	0	2519
2294	1	1892
2027	0	1458
1883	1	1751
1843	1	2025
2546	0	1394
2142	1	1698
2295	1	2048
1875	0	1913
891	1	2009
602	1	1493
2217	1	1538
2496	0	1524
1671	1	1982
27	0	2253
2189	0	1841
1222	1	1178
1551	1	542
1556	1	2523
1825	1	990
1135	1	1902
1836	0	1479
1511	0	272
877	0	1351
84	0	1304
2038	0	751
2513	0	1722
500	0	1328
659	0	539
2453	1	2170
596	1	1185
2285	0	1391
1249	1	36
1050	1	1178
346	1	2185
124	0	1303
908	1	2095
1880	0	2482
2387	0	587
15	0	620
1896	1	1451
441	0	1017
936	1	1177
1256	0	1238
965	1	190
2441	1	845
2011	0	861
1157	0	271
563	1	2316
1733	0	769
2038	1	1174
53	1	993
2331	1	1810
449	1	2308
2313	1	1140
474	0	896
691	0	58
234	1	254
141	0	2255
35	0	1952
2337	0	1357
393	0	1084
1879	1	2259
1202	0	434
1551	0	2414
1553	1	730
215	1	686
1460	1	2012
2327	1	109
973	0	633
2178	0	1774
1650	0	1358
121	1	2196
567	0	1768
1679	0	2164
832	0	801
1211	0	1784
609	0	827
2457	1	1404
2302	0	463
909	1	1066
2573	0	1007
152	1	328
2530	1	2188
502	0	1381
231	0	1685
2113	1	702
221	0	0
2362	0	1537
756	1	130
635	1	1576
1594	1	34
1715	0	1746
1556	0	2091
1107	0	1002
988	0	288
1648	1	1094
1977	0	912
427	0	1352
1829	0	1799
960	0	616
1905	1	1828
473	0	1293
43	1	1748
2077	0	667
574	1	1536
2039	0	1343
852	0	1400
1948	0	147
89	1	1234
740	1	576
634	0	601
2114	1	1247
752	0	122
240	0	1369
658	0	478
1549	1	1885
99	1	1464
485	0	9
1171	0	2365
1867	0	1137
1058	1	1203
2027	1	311
39	1	1652
2531	1	1269
1494	1	450
2006	0	2364
116	0	566
1516	0	2471
2269	0	1088
1793	1	2312
100	0	2124
152	0	809
2429	1	1244
695	0	1933
2361	0	2470
2534	1	2567
2314	0	2240
1678	1	294
2361	1	557
1029	0	1744
2089	1	1563
1673	1	510
1123	0	1631
6	0	2133
511	1	1676
199	0	2357
599	0	2057
2368	1	190
891	0	2348
1022	0	2236
830	1	248
941	0	1807
208	1	1200
519	1	949
1122	1	976
1014	0	2107
1889	1	2265
2528	0	2010
1715	1	1045
1291	1	1741
2366	0	1068
2411	1	336
216	1	8
2024	1	357
2590	0	1446
939	0	258
1680	1	549
1123	1	1283
405	0	266
778	0	1463
776	0	758
1936	0	831
134	0	2098
785	0	1433
523	0	1018
2322	0	1332
1882	0	703
1757	1	945
1756	1	193
1368	1	697
470	0	2522
1981	0	2037
55	1	1513
1214	0	823
647	0	531
2281	1	2394
1927	1	235
1534	0	969
55	0	2550
2557	0	1
1378	0	2023
84	1	518
1625	1	1942
2306	1	2050
1938	1	1739
2141	0	129
2145	0	1642
2165	0	2031
642	1	2330
2450	1	1743
688	0	2233
1398	0	178
429	1	1346
302	1	529
1029	1	793
2534	0	1749
1261	1	736
1093	1	1147
1571	1	1647
1165	0	628
2182	0	1823
1864	1	2574
316	0	722
56	1	11
451	1	741
2	1	105
1039	0	445
2450	0	2336
956	0	2026
699	1	370
691	1	1065
377	1	2434
1314	1	920
2561	1	764
1143	0	169
1570	0	2565
2570	0	670
94	1	715
394	1	1316
2044	1	916
834	0	219
1977	1	554
2296	1	1040
500	1	1672
2334	0	553
471	1	2187
1494	0	1262
1680	0	1439
2070	1	408
1812	0	1323
2083	0	2137
127	1	2278
1974	1	1512
909	0	783
2221	0	880
151	0	675
118	1	2347
2081	0	1769
1924	1	2105
812	0	2267
805	0	1134
189	1	350
2422	0	1380
1729	0	825
2063	0	593
753	1	733
340	1	1188
788	1	1015
1014	1	2049
2244	0	876
403	0	943
2313	0	2020
1767	1	2050
1671	0	1184
962	1	2529
636	1	950
2064	1	1019
726	1	2205
781	1	905
525	0	2511
2556	1	2175
2319	1	2125
1216	1	2300
986	1	546
1163	0	757
2551	1	293
1162	0	1454
2173	1	2478
972	0	1529
